1 0.182485 0.434554 0.61704 15852.3 36866.7 52719 92363.6 12
2 0.0562753 0.126757 0.183032 2397.13 5535.48 7932.61 65803.8 12
3 0.0298558 0.0669239 0.0967796 805.487 1838.29 2643.77 52462.1 12
4 0.0201204 0.045077 0.0651973 391.473 889.231 1280.7 44688.7 12
5 0.0135429 0.0340077 0.0475506 232.141 532.125 764.266 39638.8 12
6 0.0119808 0.0274023 0.0393831 149.702 351.16 500.862 35888.5 12
7 0.00950234 0.0227143 0.0322166 103.746 237.201 340.947 32886.1 12
8 0.00755559 0.0184453 0.0260009 78.0048 180.253 258.258 30747.6 12
9 0.00728328 0.015356 0.0226393 59.3585 139.825 199.184 28934.4 12
10 0.00606399 0.0149902 0.0210542 48.7595 110.271 159.03 27386.3 12
11 0.0054699 0.0134555 0.0189254 39.026 91.4666 130.493 25950.5 12
12 0.00517444 0.0120589 0.0172333 34.044 75.6922 109.736 24880.2 12
13 0.00461519 0.010897 0.0155122 27.4563 65.2401 92.6964 23859 12
14 0.00468866 0.0108168 0.0155055 22.4273 54.8033 77.2306 22869.3 12
15 0.00368386 0.00947848 0.0131623 20.4193 50.6223 71.0416 22041.4 12
16 0.0041063 0.00887116 0.0129775 17.8432 39.613 57.4562 21393.7 12
17 0.0036536 0.00803792 0.0116915 15.0008 34.7102 49.711 20640 12
18 0.00355204 0.00788735 0.0114394 14.5591 31.8836 46.4427 20041.8 12
19 0.00292184 0.00778564 0.0107075 12.5611 29.5569 42.118 19569.8 12
20 0.00318731 0.00710215 0.0102895 10.8214 25.9589 36.7803 19000.5 12
21 0.00294651 0.00712919 0.0100757 10.286 21.3989 31.6849 18562.5 12
22 0.00263267 0.00619257 0.00882523 8.89185 20.3623 29.2542 18129.7 12
23 0.00258954 0.00582647 0.00841601 7.28312 18.5516 25.8347 17712.2 12
24 0.00251618 0.00576031 0.0082765 7.10915 15.6273 22.7364 17299.8 12
25 0.00245807 0.00546066 0.00791873 6.79081 14.6273 21.4181 17000.4 12
26 0.00234006 0.00494012 0.00728018 6.60996 14.7997 21.4097 16706.1 12
27 0.0023347 0.00526804 0.00760274 5.45477 13.8856 19.3403 16303.3 12
28 0.00216288 0.00495843 0.00712131 5.49634 12.113 17.6093 16020.4 12
29 0.0018949 0.00483127 0.00672617 4.60619 10.8885 15.4947 15742.5 12
30 0.00190601 0.00450899 0.006415 4.91424 10.8478 15.7621 15465.7 12
31 0.00191485 0.00461242 0.00652727 3.93626 10.6405 14.5768 15204.9 12
32 0.00172999 0.00480551 0.0065355 3.60242 10.8174 14.4198 14952.8 12
33 0.00196915 0.00416916 0.0061383 3.16347 10.4578 13.6212 14773.1 12
34 0.00189523 0.00428428 0.00617951 2.93627 9.86515 12.8014 14522.1 12
35 0.00204548 0.003893 0.00593848 3.74321 8.82748 12.5707 14352.1 12
36 0.00146643 0.0037634 0.00522983 4.16789 6.85793 11.0258 14100.1 12
37 0.00174489 0.00382336 0.00556824 2.7931 7.32928 10.1224 13937.4 12
38 0.00134403 0.00377851 0.00512255 2.67296 6.57087 9.24383 13781.2 12
39 0.00149505 0.00333894 0.00483399 3.07744 6.04103 9.11847 13549.1 12
40 0.00145401 0.00347483 0.00492884 2.29394 5.49834 7.79229 13387.6 12
41 0.00121746 0.00327498 0.00449244 2.58144 5.70004 8.28148 13241.4 12
42 0.00145606 0.00297229 0.00442835 2.48297 5.88009 8.36305 13091.8 12
43 0.00149909 0.00299818 0.00449727 2.11727 4.75887 6.87615 12939.9 12
44 0.00128275 0.00330689 0.00458964 2.13403 4.54672 6.68075 12784.5 12
45 0.00126799 0.00288496 0.00415295 2.17622 4.69834 6.87455 12638.7 12
46 0.00131129 0.00320922 0.00452051 1.8202 4.83458 6.65478 12490.6 12
47 0.0013541 0.0029813 0.00433541 1.71241 4.92852 6.64092 12339.4 12
48 0.00119239 0.00321721 0.0044096 1.97457 4.01649 5.99106 12197.8 12
49 0.00115724 0.00288197 0.00403921 1.37737 3.55445 4.93182 12050.4 12
50 0.0010623 0.00278854 0.00385084 1.76481 4.00596 5.77078 11979 12
51 0.00110483 0.00274566 0.00385049 1.36546 3.78649 5.15195 11842.1 12
52 0.00116757 0.00247568 0.00364324 1.48099 3.42381 4.9048 11709.3 12
53 0.00110705 0.00268702 0.00379407 1.47778 3.24415 4.72194 11643.1 12
54 0.00105189 0.00258192 0.00363381 0.956798 4.25225 5.20905 11509.6 12
55 0.000987675 0.00253223 0.00351991 1.22316 4.41774 5.64091 11373.8 12
56 0.00104499 0.00262292 0.0036679 1.35976 4.70517 6.06493 11305.8 12
57 0.00106363 0.00216857 0.0032322 0.891737 2.71203 3.60377 11180.1 12
58 0.00100627 0.00237193 0.0033782 1.0039 3.26362 4.26753 11114.9 12
59 0.000953792 0.00229316 0.00324695 0.832265 2.81139 3.64366 10992.2 12
60 0.000897566 0.00198675 0.00288431 0.951481 2.34511 3.29659 10932.7 12
61 0.000846993 0.00215236 0.00299935 0.826227 2.63037 3.4566 10812.8 12
62 0.00105047 0.00220996 0.00326043 0.961985 2.59681 3.55879 10747.9 12
63 0.00107452 0.00228704 0.00336156 0.976775 2.92028 3.89705 10680.7 12
64 0.000838746 0.00218464 0.00302339 0.836669 2.00125 2.83792 10550.1 12
65 0.000960112 0.0020269 0.00298701 0.45005 2.81453 3.26458 10488.5 12
66 0.000935571 0.00230517 0.00324074 0.391628 2.70517 3.0968 10425.2 12
67 0.000867443 0.00212571 0.00299316 0.809744 1.75023 2.55998 10308.7 12
68 0.0008341 0.00200942 0.00284352 0.968067 1.79831 2.76638 10248.5 12
69 0.000990024 0.00224406 0.00323408 0.761461 1.87337 2.63483 10184.7 12
70 0.000811159 0.00193 0.00274116 0.444245 2.17589 2.62014 10064.8 12
71 0.000602309 0.00214051 0.00274282 0.751311 1.66534 2.41665 10011.4 12
72 0.000773951 0.0017506 0.00252455 0.700951 1.69176 2.39272 9953.26 12
73 0.000714135 0.00162969 0.00234383 0.566154 1.92361 2.48977 9901.72 12
74 0.000819172 0.00172026 0.00253943 0.848581 2.2402 3.08878 9846.24 12
75 0.000809593 0.00175412 0.00256371 0.843569 2.02397 2.86754 9735.8 12
76 0.000832044 0.00175355 0.0025856 0.722321 2.27172 2.99404 9676.95 12
77 0.000747171 0.00166335 0.00241052 0.673548 1.58814 2.26169 9621.66 12
78 0.0007519 0.00177802 0.00252992 0.924217 1.67239 2.59661 9564.67 12
79 0.000738767 0.0016974 0.00243617 0.856064 1.99402 2.85008 9509.47 12
80 0.000839535 0.00165283 0.00249237 0.849146 1.99825 2.8474 9454.36 12
81 0.000782949 0.00182688 0.00260983 0.877799 1.63068 2.50848 9395.13 12
82 0.000709545 0.00165272 0.00236227 0.639231 1.06752 1.70675 9337.74 12
83 0.000731158 0.00136769 0.00209885 0.705412 1.11572 1.82113 9285.34 12
84 0.000718471 0.00168498 0.00240346 0.703092 1.41124 2.11433 9231.66 12
85 0.00074018 0.00165902 0.0023992 0.856592 1.79072 2.64732 9174.57 12
86 0.000846468 0.00176912 0.00261559 0.843166 1.69953 2.5427 9115.63 12
87 0.000791719 0.00160028 0.002392 0.708917 1.14224 1.85116 9056.37 12
88 0.000536148 0.00165033 0.00218648 0.510011 1.51999 2.03 9001.5 12
89 0.000682821 0.00144059 0.00212341 0.618361 1.37533 1.99369 8951.46 12
90 0.000712204 0.00156519 0.00227739 0.447181 1.23411 1.68129 8898.17 12
91 0.000543219 0.0012922 0.00183542 0.51833 1.02832 1.54665 8850.58 12
92 0.000605416 0.00146445 0.00206987 0.452688 1.01129 1.46398 8802.2 12
93 0.000520431 0.00143932 0.00195975 0.52888 1.07362 1.6025 8754.29 12
94 0.000533437 0.00145483 0.00198826 0.698172 1.2445 1.94267 8707.18 12
95 0.000666967 0.00142233 0.00208929 0.474856 1.11293 1.58779 8657.35 12
96 0.000607334 0.00140646 0.00201379 0.428051 1.2067 1.63475 8606.01 12
97 0.000547941 0.00109588 0.00164382 0.522394 1.20207 1.72447 8560.77 12
98 0.000631697 0.00155555 0.00218725 0.504457 1.01044 1.5149 8511.1 12
100 0.000541827 0.00119359 0.00173542 0.279842 1.16362 1.44347 8460.69 12
101 0.00067124 0.00132687 0.00199811 0.607613 1.20961 1.81722 8414.69 12
102 0.000628955 0.00129673 0.00192569 0.597562 1.30131 1.89887 8361.36 12
103 0.00064104 0.00127436 0.0019154 0.412591 1.22148 1.63407 8310.13 12
104 0.000614491 0.00127507 0.00188956 0.390102 0.872001 1.2621 8260.15 12
105 0.000458173 0.00129052 0.00174869 0.163965 1.22102 1.38499 8213.54 12
107 0.000516172 0.00121452 0.00173069 0.189109 0.640266 0.829375 8168.21 12
108 0.000664487 0.00136673 0.00203122 0.324443 0.884968 1.20941 8117.31 12
109 0.000540833 0.00141969 0.00196052 0.236006 0.650855 0.886861 8066.61 12
110 0.000537791 0.00112787 0.00166566 0.0798769 0.83436 0.914237 8019.47 12
112 0.000467869 0.0012328 0.00170067 0.335878 0.855547 1.19143 7973.48 12
113 0.000554066 0.00152183 0.0020759 0.456727 0.848208 1.30494 7923.69 12
114 0.000536532 0.00115391 0.00169044 0.345424 0.447673 0.793097 7873.57 12
116 0.000416466 0.00127132 0.00168778 0.218761 0.443733 0.662495 7829.32 12
117 0.000537615 0.00102437 0.00156199 0.239834 0.503745 0.743579 7783.83 12
118 0.000512883 0.00126415 0.00177703 0.125591 0.494571 0.620163 7739.02 12
120 0.000380714 0.00122834 0.00160906 0.160626 0.714313 0.874939 7693.3 12
121 0.000449929 0.00117124 0.00162117 0.273086 0.813829 1.08691 7649.38 12
123 0.000461445 0.00091579 0.00137723 0.177472 0.921199 1.09867 7607.12 12
124 0.000494085 0.00114345 0.00163754 0.0816581 0.34833 0.429988 7563.55 12
125 0.000456281 0.00102488 0.00148116 0.172748 0.500969 0.673717 7518.14 12
127 0.000411617 0.00108834 0.00149996 0.183512 0.759476 0.942988 7478.1 12
128 0.000464642 0.000970894 0.00143554 0.154005 0.478235 0.632239 7436.88 12
130 0.000448162 0.000903218 0.00135138 0.0649076 0.710977 0.775885 7394.66 12
131 0.00034256 0.00104138 0.00138394 0.149657 0.408619 0.558276 7356.56 12
133 0.000422338 0.00109672 0.00151905 0.34445 0.379668 0.724118 7314.3 12
134 0.000521496 0.000826267 0.00134776 0.163005 0.467667 0.630672 7272.53 12
136 0.000424248 0.000996646 0.00142089 0.196447 0.730609 0.927056 7230.43 12
138 0.000401824 0.00100456 0.00140638 0.328009 0.604906 0.932915 7187.21 12
139 0.000452784 0.000918885 0.00137167 0.0831591 0.550672 0.633831 7146.29 12
141 0.0004236 0.000840581 0.00126418 0.199575 0.310002 0.509577 7106.68 12
142 0.000335526 0.000967105 0.00130263 0.241164 0.577132 0.818296 7068.12 12
144 0.000431742 0.000856943 0.00128869 0.128855 0.366948 0.495804 7027.08 12
146 0.000409769 0.00104068 0.00145045 0.228586 0.42203 0.650616 6986.45 12
147 0.000381672 0.000944476 0.00132615 0.19407 0.399999 0.594069 6943.95 12
149 0.000373086 0.000945581 0.00131867 0.107745 0.406484 0.514229 6903.42 12
151 0.000326091 0.000882364 0.00120846 0.187803 0.51892 0.706723 6865.42 12
153 0.000349639 0.00097899 0.00132863 0.161775 0.305712 0.467487 6826.28 12
154 0.000328636 0.000802629 0.00113126 0.147298 0.333375 0.480674 6787.79 12
156 0.000276252 0.000740857 0.00101711 0.206756 0.368796 0.575552 6754.31 12
158 0.000368136 0.000811146 0.00117928 0.270717 0.380334 0.651051 6718.53 12
160 0.000397146 0.000893577 0.00129072 0.105355 0.256606 0.361961 6678.36 12
162 0.000357757 0.000783366 0.00114112 0.192615 0.316745 0.50936 6641.66 12
164 0.00041095 0.000748296 0.00115925 0.106841 0.317891 0.424732 6602.74 12
165 0.000347673 0.000811238 0.00115891 0.252502 0.34979 0.602292 6563.53 12
167 0.000315289 0.000806412 0.0011217 0.120368 0.400211 0.520579 6527.25 12
169 0.000337429 0.00071101 0.00104844 0.0401841 0.194642 0.234826 6492.97 12
171 0.000269579 0.000802746 0.00107233 0.118064 0.554662 0.672725 6456.18 12
173 0.000297713 0.000851459 0.00114917 0.198092 0.362614 0.560707 6421.27 12
175 0.000301904 0.000710362 0.00101227 0.134489 0.231909 0.366399 6384.75 12
177 0.000311772 0.000735311 0.00104708 0.0630662 0.356638 0.419704 6351.69 12
179 0.00026905 0.000760358 0.00102941 0.0180146 0.466866 0.484881 6314.87 12
181 0.000319701 0.000633588 0.000953289 0.0595457 0.432404 0.491949 6281.42 12
184 0.000311939 0.000594994 0.000906933 0.126468 0.264131 0.390599 6248.44 12
186 0.000229547 0.000619778 0.000849325 0.046403 0.159788 0.206191 6217.93 12
188 0.000319458 0.000758712 0.00107817 0.112546 0.367536 0.480082 6183.51 12
190 0.000272232 0.000686252 0.000958485 0.104458 0.367485 0.471943 6148.34 12
192 0.000298827 0.000732972 0.0010318 0.0767986 0.274166 0.350964 6113.84 12
194 0.00033086 0.000734622 0.00106548 0.106055 0.25008 0.356135 6076.62 12
197 0.000362675 0.000747668 0.00111034 0.185237 0.193864 0.379101 6037.33 12
199 0.000271982 0.000727135 0.000999117 0.0719476 0.220217 0.292164 5999.33 12
201 0.000275937 0.000684323 0.00096026 0.16522 0.230738 0.395958 5964.97 12
204 0.000340252 0.000614648 0.0009549 0.121958 0.155594 0.277552 5929.81 12
206 0.000300236 0.000644143 0.00094438 0.115591 0.126787 0.242378 5893.06 12
208 0.000238792 0.000662104 0.000900896 0.0888794 0.21545 0.304329 5859.69 12
211 0.000248059 0.000593184 0.000841242 0.118162 0.144791 0.262953 5829.56 12
213 0.000310934 0.000552175 0.000863109 0.0851208 0.17163 0.256751 5797.11 12
216 0.000330638 0.00066661 0.000997248 0.0708633 0.243793 0.314656 5760.77 12
218 0.000275849 0.00063127 0.000907118 0.0958734 0.186511 0.282384 5724.9 12
221 0.00030598 0.00056448 0.00087046 0.0184326 0.102361 0.120793 5690.89 12
223 0.000230834 0.000619055 0.00084989 0.0593716 0.200899 0.260271 5657.21 12
226 0.000255576 0.000631116 0.000886691 0.00143435 0.290803 0.292238 5625.05 12
229 0.000264521 0.00054979 0.000814311 0.0249273 0.230056 0.254983 5591.73 12
231 0.000232042 0.000634249 0.000866292 0.0766514 0.0857938 0.162445 5560.21 12
234 0.000230731 0.000615284 0.000846015 0.0502174 0.122216 0.172433 5527.74 12
237 0.000316336 0.000607161 0.000923498 0.113213 0.121953 0.235165 5491.37 12
239 0.000279135 0.00053797 0.000817105 0.0941549 0.16366 0.257815 5457.42 12
242 0.000201824 0.000509607 0.000711431 0.0478728 0.219782 0.267655 5426.44 12
245 0.000245729 0.00055665 0.000802379 0.116631 0.255342 0.371973 5397.13 12
248 0.000224405 0.00055852 0.000782925 0.0629033 0.21121 0.274114 5365.52 12
251 0.000198279 0.000520482 0.000718761 0.0250575 0.156065 0.181123 5335.96 12
254 0.000266113 0.000473091 0.000739204 0.0992357 0.162699 0.261934 5305.89 12
257 0.000210731 0.000543979 0.00075471 0.102518 0.0930988 0.195617 5274.23 12
260 0.000253461 0.000565412 0.000818873 0.172904 0.126808 0.299712 5242.08 12
263 0.000247257 0.000513907 0.000761164 0.0899628 0.0978508 0.187814 5209.99 12
266 0.000260424 0.000467799 0.000728223 0.118112 0.197069 0.315181 5177.55 12
269 0.000215782 0.000455539 0.000671321 0.0647441 0.0598243 0.124568 5147.83 12
272 0.000195395 0.000505168 0.000700564 0.10732 0.117976 0.225296 5120.29 12
275 0.000260714 0.000421883 0.000682597 0.067487 0.136344 0.203831 5088.88 12
278 0.00017433 0.000442893 0.000617223 0.0725308 0.104692 0.177223 5061.09 12
281 0.000201295 0.00040259 0.000603885 0.0553233 0.135752 0.191076 5035.62 12
285 0.000237314 0.000376911 0.000614225 0.0471325 0.140485 0.187618 5007.95 12
288 0.000203537 0.000481087 0.000684624 0.0676298 0.0847916 0.152421 4979.89 12
291 0.000193155 0.000409305 0.00060246 0.0986884 0.0780116 0.1767 4951.71 12
295 0.000237921 0.000462116 0.000700037 0.0596495 0.0541453 0.113795 4920.25 12
298 0.000154541 0.000354534 0.000509075 0.0479939 0.0398487 0.0878427 4896.08 12
301 0.000253066 0.000397675 0.000650742 0.0109903 0.110378 0.121368 4868.33 12
305 0.000157253 0.000480745 0.000637999 0.0830746 0.119647 0.202722 4840.43 12
309 0.000196568 0.000446746 0.000643314 0.0551061 0.171202 0.226308 4812.38 12
312 0.000253408 0.000462358 0.000715766 0.0846293 0.134195 0.218824 4780.46 12
316 0.000168136 0.000473435 0.00064157 0.0370606 0.173604 0.210665 4748.42 12
319 0.000167131 0.000439818 0.000606948 0.086864 0.0863758 0.17324 4722.32 12
323 0.000188028 0.000411039 0.000599067 0.0561155 0.109839 0.165955 4695.35 12
327 0.000187058 0.000430669 0.000617727 0.0202153 0.0867428 0.106958 4665.69 12
331 0.000190424 0.000445766 0.00063619 0 0.147769 0.147769 4636.29 12
334 0.000150631 0.000451893 0.000602524 0.0490282 0.0947512 0.143779 4608.8 12
338 0.000166814 0.000380677 0.000547491 0.0623369 0.110636 0.172973 4584.24 12
342 0.000127532 0.00036559 0.000493122 0.0252767 0.0233 0.0485767 4559.61 12
346 0.000143599 0.00035055 0.000494148 0.0376355 0.0426446 0.0802801 4536.89 12
350 0.000218346 0.000306524 0.00052487 0.027751 0.0377865 0.0655374 4511.09 12
354 0.000225479 0.000338219 0.000563698 0.0161176 0.0926135 0.108731 4484.57 12
358 0.000186954 0.000382217 0.000569171 0.0503695 0.11786 0.168229 4455.54 12
363 0.00017769 0.000326454 0.000504145 0.0229055 0.0642247 0.0871303 4428.34 12
367 0.000147936 0.000415043 0.00056298 0.0265546 0.0402921 0.0668467 4402.15 12
371 0.000118467 0.000359486 0.000477953 0.00709168 0.0866075 0.0936992 4377.61 12
375 0.000174547 0.000284146 0.000458693 0.0539472 0.00858122 0.0625284 4355.07 12
380 0.000165455 0.000359158 0.000524612 0.0292734 0.0447858 0.0740591 4330.54 12
384 0.00010034 0.000421428 0.000521768 0.0178726 0.0807456 0.0986181 4304.32 12
389 0.000155654 0.000371175 0.000526828 0.0405219 0.0228173 0.0633391 4279.08 12
393 0.000122973 0.000269747 0.00039272 0.0126781 0.0215361 0.0342142 4256.06 12
398 0.000185377 0.000386531 0.000571909 0.0105823 0.0528207 0.063403 4231.56 12
402 0.000164868 0.000365065 0.000529933 0.054905 0.0362514 0.0911564 4203.1 12
407 0.000128794 0.000288811 0.000417605 0.0161344 0.0373971 0.0535315 4178.95 12
412 0.0001319 0.000337508 0.000469407 0 0.0154904 0.0154904 4156.09 12
416 0.000115696 0.000312378 0.000428074 0.0566562 0.00172387 0.05838 4132.84 12
421 0.000130295 0.000314241 0.000444536 0.00662589 0.0604646 0.0670905 4111.45 12
426 0.000129504 0.000281862 0.000411366 0.0378076 0.0343224 0.07213 4089.24 12
431 0.000124931 0.000336936 0.000461868 0.0147078 0.059032 0.0737398 4067.26 12
436 0.000161909 0.000304991 0.000466899 0.000775655 0.0577788 0.0585544 4042.64 12
441 0.000149842 0.000273463 0.000423305 0.00649942 0.0358049 0.0423043 4016.89 12
446 8.19403e-05 0.000338935 0.000420875 0.00543041 0.0333683 0.0387988 3993.93 12
451 9.98901e-05 0.00030337 0.00040326 0.000654835 0.0547694 0.0554242 3974.71 12
457 9.92844e-05 0.00027579 0.000375074 0.0512675 0.0281306 0.0793981 3953.32 12
462 0.000105947 0.00030688 0.000412826 0 0.0396277 0.0396277 3933.58 12
467 0.00011256 0.000236013 0.000348574 0 0.00215317 0.00215317 3912.45 12
473 0.000126304 0.000259825 0.000386128 0.0120385 0.00313594 0.0151745 3891.47 12
478 0.000143486 0.000218817 0.000362303 0.005309 0.0624883 0.0677973 3870.04 12
484 0.00012844 0.000303262 0.000431702 0 0.0934117 0.0934117 3846.42 12
489 0.000156163 0.000220048 0.000376211 0.0259195 0.0222958 0.0482153 3822.39 12
495 0.000123523 0.000257633 0.000381155 0.0115794 0.0435823 0.0551617 3800.08 12
501 0.000140406 0.000291342 0.000431747 0.0306821 0.027702 0.0583841 3777.04 12
506 9.77811e-05 0.000289851 0.000387632 0.0708319 0.0087968 0.0796287 3752.89 12
512 0.000111034 0.000256767 0.000367801 0.0120785 0.00272381 0.0148023 3733.85 12
518 9.66244e-05 0.000286422 0.000383047 0.00245702 0.0261748 0.0286319 3711.45 12
524 9.60753e-05 0.000274501 0.000370576 0.00382243 0.0286476 0.03247 3689.98 12
530 0.000119401 0.00025586 0.000375261 0.0277489 0.0121823 0.0399312 3668.86 12
537 9.83214e-05 0.000223766 0.000322087 0.00199355 0.00866924 0.0106628 3649.43 12
543 9.4388e-05 0.000246083 0.000340471 0.0105175 0.0114176 0.0219351 3628.35 12
549 8.37804e-05 0.000288205 0.000371985 0 0.0188037 0.0188037 3607.97 12
555 0.000109957 0.000219914 0.000329871 0.0146743 0.0722118 0.0868861 3587.13 12
562 7.28277e-05 0.000238345 0.000311173 0.00500856 0.0152508 0.0202593 3569.38 12
568 9.86803e-05 0.000217097 0.000315777 0.0156211 0.0125521 0.0281732 3551.07 12
575 0.000117746 0.000212596 0.000330342 0.0042094 0.0263488 0.0305582 3530.54 12
582 0.000104084 0.000204916 0.000309 0.0226481 0.0262845 0.0489326 3509.56 12
588 8.73182e-05 0.000219912 0.000307231 0.00329545 0.0657182 0.0690137 3489.47 12
595 0.000102861 0.000257154 0.000360015 0.010029 0.0326746 0.0427036 3470.58 12
602 9.27353e-05 0.000252624 0.000345359 0 0.026906 0.026906 3448.65 12
609 6.03995e-05 0.000212988 0.000273387 0.0184568 0.00494005 0.0233969 3429.38 12
616 9.47885e-05 0.000265408 0.000360196 0.00327336 0.0213243 0.0245976 3410.8 12
623 9.11262e-05 0.000207391 0.000298517 0.0014266 0.0168898 0.0183164 3390.42 12
630 9.99909e-05 0.00021873 0.000318721 0 0.0279537 0.0279537 3370.38 12
638 0.00010878 0.000177156 0.000285935 0.0175695 0.00516549 0.022735 3349.76 12
645 8.33894e-05 0.000200752 0.000284142 0.01581 0.0313544 0.0471645 3332.37 12
653 0.00010446 0.000211993 0.000316453 0 0.0159087 0.0159087 3311.53 12
660 6.10881e-05 0.000226026 0.000287114 0.0117839 0.00221444 0.0139983 3292.91 12
668 7.28509e-05 0.000197305 0.000270155 0.0131678 0.0234762 0.036644 3275.45 12
676 7.54353e-05 0.000220271 0.000295706 0.0295857 0.0179717 0.0475574 3257.32 12
683 9.30428e-05 0.000225104 0.000318146 0 0.0291824 0.0291824 3237.15 12
691 7.76328e-05 0.000197068 0.000274701 0.00113463 0.0297901 0.0309247 3216.68 12
699 9.50057e-05 0.000234545 0.000329551 0.0069176 0.0434265 0.0503441 3198.05 12
707 9.15902e-05 0.000168408 0.000259998 0 0.0222742 0.0222742 3176.84 12
716 9.99154e-05 0.000193953 0.000293869 8.81606e-06 0.0524526 0.0524614 3157.37 12
724 7.59878e-05 0.000184124 0.000260112 0.0139438 0.00342238 0.0173661 3138.36 12
732 9.59545e-05 0.000200632 0.000296587 0.00819103 0.0111889 0.0193799 3118.24 12
741 7.2326e-05 0.000240122 0.000312448 0.000946025 0.0614424 0.0623884 3098.17 12
749 6.32944e-05 0.000181252 0.000244547 0 0.0358649 0.0358649 3079.81 12
758 7.71956e-05 0.000128659 0.000205855 0 0.0056896 0.0056896 3063.59 12
767 7.10326e-05 0.000201733 0.000272765 0 0.00968032 0.00968032 3047.4 12
776 9.8936e-05 0.000161124 0.00026006 0.0165195 0.000808449 0.0173279 3027.95 12
785 5.62207e-05 0.000171473 0.000227694 0.0141873 0.0170686 0.0312559 3009.96 12
794 8.38314e-05 0.000136925 0.000220756 0 0.00944221 0.00944221 2993.19 12
803 5.55332e-05 0.000169376 0.000224909 0.00373183 0.00970165 0.0134335 2977.79 12
812 7.7337e-05 0.00019058 0.000267917 0 0.00769503 0.00769503 2959.24 12
822 7.69383e-05 0.000184102 0.000261041 0 0.00452287 0.00452287 2940.54 12
831 4.36897e-05 0.000163836 0.000207526 0.00338595 0 0.00338595 2925.17 12
841 6.78444e-05 0.000160113 0.000227957 0 0.0169855 0.0169855 2909.61 12
851 5.66325e-05 0.000121355 0.000177988 0.00630239 0.0023516 0.00865398 2894.41 12
860 5.3584e-05 0.00016611 0.000219694 0.0125065 0.000793043 0.0132995 2880.04 12
870 6.65857e-05 0.000146489 0.000213074 0.00650409 0.00241839 0.00892248 2864.02 12
881 7.94824e-05 0.000172212 0.000251694 0.00138829 0 0.00138829 2846.22 12
891 4.74128e-05 0.000144873 0.000192285 0 0.0095853 0.0095853 2829.98 12
901 8.37856e-05 0.000144007 0.000227792 0.00145054 0.011078 0.0125286 2814.42 12
912 5.99256e-05 0.000158933 0.000218859 0 0 1 2795.9 12
922 5.43932e-05 0.000155409 0.000209802 0 0.0222908 0.0222908 2780.24 12
933 6.18187e-05 0.000159698 0.000221517 0 0.0110346 0.0110346 2763.67 12
944 3.32705e-05 0.000158675 0.000191945 0.00897279 0.0101245 0.0190972 2749.66 12
954 5.59607e-05 0.000122096 0.000178057 0.0192632 0.0128379 0.0321011 2734.85 12
966 4.04514e-05 0.000164334 0.000204785 0 0.0202257 0.0202257 2720.12 12
977 7.03919e-05 0.00015084 0.000221232 0 0.0412723 0.0412723 2704.22 12
988 4.25243e-05 0.000142582 0.000185106 0 0.00132076 0.00132076 2686.71 12
1000 6.21322e-05 0.000136691 0.000198823 0.000705822 0.00695632 0.00766214 2673.22 12
1011 4.69522e-05 0.00012603 0.000172982 0 0.0137619 0.0137619 2657.72 12
1023 6.879e-05 0.000115469 0.000184259 0.0164703 0 0.0164703 2642.75 12
1035 5.86616e-05 0.000146654 0.000205316 0 0.000339749 0.000339749 2625.95 12
1047 6.07705e-05 0.000145849 0.00020662 0.000410808 0 0.000410808 2610.22 12
1059 4.10747e-05 0.000111143 0.000152218 0 1.93293e-05 1.93293e-05 2595.99 12
1071 4.56032e-05 0.000110408 0.000156011 0 0.0133474 0.0133474 2583.45 12
1083 5.00798e-05 9.539e-05 0.00014547 0 0 1 2570.32 12
1096 6.87751e-05 0.000132807 0.000201582 0 0.0244199 0.0244199 2555 12
1109 5.42943e-05 0.00015344 0.000207735 0.0065224 0.00643742 0.0129598 2537.43 12
1122 5.165e-05 0.000110343 0.000161993 0 0.032833 0.032833 2522.2 12
1135 7.23925e-05 0.000126103 0.000198496 0.00297276 0.0201835 0.0231563 2506.77 12
1148 4.64583e-05 0.000104531 0.000150989 0 0.00470158 0.00470158 2491.23 12
1161 5.08081e-05 0.000124711 0.000175519 0.00715239 0 0.00715239 2477.07 12
1174 5.05204e-05 0.000105633 0.000156154 0.00242038 0 0.00242038 2462.61 12
1188 5.71368e-05 0.000125701 0.000182838 0.00528402 0.02762 0.032904 2446.11 12
1202 4.31834e-05 0.00012955 0.000172734 0 0.0109981 0.0109981 2431.68 12
1216 4.97332e-05 0.000124333 0.000174066 0 0.016629 0.016629 2416.9 12
1230 4.9444e-05 9.21456e-05 0.00014159 0.00429938 0.0026048 0.00690418 2403.17 12
1244 4.24415e-05 0.000125091 0.000167532 0.0041682 0.0321238 0.036292 2390.24 12
1258 4.22175e-05 9.77669e-05 0.000139984 0 0.00270637 0.00270637 2375.42 12
1273 4.8586e-05 0.000103797 0.000152383 0 0.00595621 0.00595621 2362.61 12
1288 5.27262e-05 0.000116437 0.000169163 0 0.00648312 0.00648312 2347.92 12
1303 5.68223e-05 8.96044e-05 0.000146427 0 0.00795512 0.00795512 2333.15 12
1318 4.56344e-05 0.000102134 0.000147769 0.000356383 0.014188 0.0145443 2319.59 12
1333 3.67539e-05 0.000101614 0.000138368 0 0.00740267 0.00740267 2304.85 12
1348 4.94442e-05 0.000105338 0.000154782 0.00447577 0 0.00447577 2291.47 12
1364 4.4878e-05 8.7619e-05 0.000132497 0.00192334 0 0.00192334 2278.77 12
1380 3.39794e-05 8.49486e-05 0.000118928 0.002678 0 0.002678 2266.81 12
1396 6.12074e-05 5.90968e-05 0.000120304 0 0.0187822 0.0187822 2254.76 12
1412 3.14724e-05 9.44172e-05 0.00012589 0.00209187 0.00118966 0.00328152 2242.06 12
1428 4.37901e-05 7.92393e-05 0.000123029 0 0 1 2230.1 12
1445 4.76983e-05 8.29536e-05 0.000130652 0 0.00203651 0.00203651 2216.73 12
1462 3.91742e-05 9.89664e-05 0.000138141 0 0.0077235 0.0077235 2204.16 12
1479 4.92253e-05 9.84506e-05 0.000147676 0 0.0160803 0.0160803 2190.4 12
1496 3.06021e-05 8.36458e-05 0.000114248 0 0 1 2176.83 12
1513 2.63374e-05 7.09083e-05 9.72457e-05 0 0.00388983 0.00388983 2166.96 12
1531 2.21263e-05 9.45396e-05 0.000116666 0 0.00691346 0.00691346 2157.58 12
1548 2.99818e-05 7.5954e-05 0.000105936 0 0.00499897 0.00499897 2146.47 12
1566 3.57407e-05 8.33951e-05 0.000119136 0 0 1 2135.99 12
1584 3.94869e-05 6.51534e-05 0.00010464 0 0.00057256 0.00057256 2123.61 12
1603 3.72752e-05 7.06267e-05 0.000107902 0 0.00596992 0.00596992 2112.61 12
1621 3.31306e-05 6.821e-05 0.000101341 0.000251403 0.00171694 0.00196835 2102.38 12
1640 4.65341e-05 8.72514e-05 0.000133785 0 0.00215414 0.00215414 2089.02 12
1659 3.27804e-05 7.13457e-05 0.000104126 0.00168723 0.00324141 0.00492864 2076.48 12
1678 3.64124e-05 7.09084e-05 0.000107321 0.00320621 0 0.00320621 2065.36 12
1698 2.8561e-05 6.47384e-05 9.32994e-05 0 0 1 2055.08 12
1717 4.5442e-05 8.33103e-05 0.000128752 0 0 1 2043.07 12
1737 3.58062e-05 8.29197e-05 0.000118726 0.00740812 0 0.00740812 2029.21 12
1757 4.31016e-05 6.93373e-05 0.000112439 0 0 1 2017.15 12
1778 4.66282e-05 7.08749e-05 0.000117503 0.0034822 0.00254217 0.00602437 2003.53 12
1798 2.22533e-05 7.23233e-05 9.45767e-05 0.00221421 0.00567831 0.00789252 1992.05 12
1819 4.24122e-05 6.45403e-05 0.000106952 0 0 1 1980.41 12
1840 4.58556e-05 4.9524e-05 9.53796e-05 0.00278618 0 0.00278618 1968.2 12
1862 3.64804e-05 7.84329e-05 0.000114913 0.00208851 5.83687e-05 0.00214687 1956.56 12
1883 3.62841e-05 4.89836e-05 8.52677e-05 0 0.00113751 0.00113751 1944.64 12
1905 3.60812e-05 8.11827e-05 0.000117264 0 0.00818863 0.00818863 1933.26 12
1927 2.87088e-05 7.7155e-05 0.000105864 0 0.00951697 0.00951697 1921.52 12
1949 2.67665e-05 5.71019e-05 8.38684e-05 0 0 1 1910.08 12
1972 3.1939e-05 7.09755e-05 0.000102914 0 0.00160582 0.00160582 1898.91 12
1995 2.29142e-05 7.2268e-05 9.51822e-05 0 0.00230552 0.00230552 1889.68 12
2018 2.62787e-05 5.43093e-05 8.05879e-05 0 0.00202346 0.00202346 1879.47 12
2041 1.91414e-05 5.39438e-05 7.30852e-05 4.87234e-05 0 4.87234e-05 1870.48 12
2065 3.80734e-05 6.92243e-05 0.000107298 0.00643786 0.0047834 0.0112213 1859.22 12
2089 3.2712e-05 5.68156e-05 8.95277e-05 0.0109448 0.00181121 0.012756 1847.4 12
2113 2.56949e-05 8.73626e-05 0.000113057 0.00158966 0.00162563 0.00321529 1835.45 12
2137 2.5564e-05 6.30579e-05 8.8622e-05 0 0.000887924 0.000887924 1823.71 12
2162 2.37168e-05 7.28444e-05 9.65612e-05 0.0053007 0 0.0053007 1813.65 12
2187 2.35787e-05 6.06309e-05 8.42095e-05 0.000951568 0 0.000951568 1803.38 12
2213 2.51168e-05 7.0327e-05 9.54438e-05 0 0.00683679 0.00683679 1793.15 12
2238 2.83101e-05 6.82772e-05 9.65873e-05 0 0.00113407 0.00113407 1782.4 12
2264 1.82206e-05 6.29439e-05 8.11645e-05 0 0.00134336 0.00134336 1771.5 12
2290 1.97498e-05 5.10203e-05 7.07701e-05 0 0.00121626 0.00121626 1762.47 12
2317 2.45374e-05 4.90749e-05 7.36123e-05 0 0 1 1753.03 12
2344 1.7872e-05 6.17397e-05 7.96118e-05 0 0 1 1744.85 12
2371 2.26184e-05 6.30085e-05 8.5627e-05 0 0 1 1734.64 12
2398 3.05228e-05 5.62262e-05 8.67489e-05 0 0.00169 0.00169 1724.51 12
2426 3.19865e-05 5.59764e-05 8.79628e-05 0 0 1 1712.44 12
2454 1.7487e-05 5.2461e-05 6.9948e-05 0 0.00204916 0.00204916 1703.05 12
2483 2.05333e-05 3.63281e-05 5.68614e-05 0.00024482 0 0.00024482 1694.49 12
2511 2.51025e-05 3.76538e-05 6.27563e-05 0.00147164 0 0.00147164 1686.39 12
2540 2.02654e-05 5.14428e-05 7.17082e-05 0 0 1 1677.82 12
2570 1.85917e-05 5.73243e-05 7.59159e-05 0.001681 0 0.001681 1668.81 12
2600 2.61906e-05 5.7003e-05 8.31935e-05 0 0.00852117 0.00852117 1659.04 12
2630 2.30089e-05 6.1357e-05 8.43659e-05 0 0.0025141 0.0025141 1647.37 12
2660 1.21932e-05 3.9628e-05 5.18212e-05 0.00227861 0 0.00227861 1638.95 12
2691 2.42327e-05 5.30091e-05 7.72418e-05 0 0 1 1630.51 12
2722 2.56129e-05 5.12257e-05 7.68386e-05 0 0 1 1620.42 12
2754 2.24744e-05 5.39385e-05 7.64129e-05 0.000283177 0 0.000283177 1610.83 12
2786 2.68543e-05 4.62491e-05 7.31035e-05 0.000614666 0.00154263 0.0021573 1599.12 12
2818 1.77928e-05 4.29992e-05 6.0792e-05 0 0 1 1590.63 12
2851 1.17838e-05 3.53513e-05 4.71351e-05 0 0 1 1582.9 12
2884 2.0493e-05 5.85515e-05 7.90446e-05 0 1.75655e-05 1.75655e-05 1574.62 12
2917 2.32904e-05 5.67703e-05 8.00607e-05 0.00147748 0 0.00147748 1565.27 12
2951 1.59271e-05 4.48855e-05 6.08126e-05 0 0 1 1555.57 12
2985 1.72677e-05 3.30965e-05 5.03642e-05 0.00631855 0 0.00631855 1547.31 12
3019 2.8621e-05 4.43626e-05 7.29836e-05 0 0 1 1538.07 12
3054 9.95758e-06 3.84078e-05 4.83654e-05 0 0.000958773 0.000958773 1529.61 12
3090 1.55423e-05 4.23882e-05 5.79306e-05 0 0.00355354 0.00355354 1522.36 12
3126 1.96679e-05 4.636e-05 6.60279e-05 0 0 1 1513.54 12
3162 8.37571e-06 3.90867e-05 4.74624e-05 0 0 1 1505.68 12
3198 2.08055e-05 4.57721e-05 6.65776e-05 0 0.00185169 0.00185169 1497.99 12
3235 1.79429e-05 5.24484e-05 7.03913e-05 0 0.00229531 0.00229531 1488.14 12
3273 2.06019e-05 4.80711e-05 6.8673e-05 0 0 1 1478.31 12
3311 1.91373e-05 3.96415e-05 5.87787e-05 0 0 1 1468.33 12
3349 2.85636e-05 4.21653e-05 7.07289e-05 0 0 1 1458.7 12
3388 1.76032e-05 4.33308e-05 6.0934e-05 0 0 1 1448.48 12
3427 1.07581e-05 2.68952e-05 3.76533e-05 0 0 1 1441.84 12
3467 1.20295e-05 4.94547e-05 6.14843e-05 0 0 1 1434.02 12
3507 1.99327e-05 3.32212e-05 5.3154e-05 0 0 1 1425.81 12
3548 1.05659e-05 3.56599e-05 4.62259e-05 0 0 1 1418.17 12
3589 1.31063e-05 2.35914e-05 3.66977e-05 0 0 1 1412.73 12
3630 1.30193e-05 3.51521e-05 4.81714e-05 0 0 1 1405.94 12
3672 1.16455e-05 2.97607e-05 4.14063e-05 0.00142593 0.00304465 0.00447058 1398.43 12
3715 2.57225e-05 3.21531e-05 5.78757e-05 0 0 1 1390.84 12
3758 1.66459e-05 3.84135e-05 5.50594e-05 0.000160056 0 0.000160056 1381.03 12
3801 2.03899e-05 3.4408e-05 5.47979e-05 0 0 1 1371.79 12
3845 1.01281e-05 3.29163e-05 4.30444e-05 0 0.000177242 0.000177242 1365.04 12
3890 1.13313e-05 4.78433e-05 5.91747e-05 0 0 1 1356.95 12
3935 2.12922e-05 4.00795e-05 6.13717e-05 0 0.000237972 0.000237972 1348.47 12
3981 1.1229e-05 4.36684e-05 5.48974e-05 0 0 1 1338.19 12
4027 1.73788e-05 3.97229e-05 5.71017e-05 0 0.000465503 0.000465503 1329.53 12
4073 2.34721e-05 2.9649e-05 5.31211e-05 0.00253746 0 0.00253746 1320.62 12
4120 2.21345e-05 3.07423e-05 5.28768e-05 0.00234871 0 0.00234871 1311.52 12
4168 8.56796e-06 4.03918e-05 4.89598e-05 0.0010049 0 0.0010049 1302.49 12
4216 1.33802e-05 3.28423e-05 4.62225e-05 0 0.00527302 0.00527302 1295.61 12
4265 7.24924e-06 2.29559e-05 3.02052e-05 0 0.000467576 0.000467576 1289.4 12
4315 7.19899e-06 3.23955e-05 3.95945e-05 0.00126822 0.00238167 0.00364989 1283.59 12
4365 1.19252e-05 3.93531e-05 5.12783e-05 0 0 1 1276.74 12
4415 1.66108e-05 2.72891e-05 4.38999e-05 0.00362352 0.000908847 0.00453237 1268.56 12
4466 1.41451e-05 2.23965e-05 3.65416e-05 0 0 1 1262.32 12
4518 1.28931e-05 3.39909e-05 4.6884e-05 0 0 1 1254.92 12
4570 1.04918e-05 3.03097e-05 4.08015e-05 0 0 1 1247.31 12
4623 1.3912e-05 3.24614e-05 4.63734e-05 0.00328556 0 0.00328556 1239.77 12
4677 1.26876e-05 2.99888e-05 4.26764e-05 0.00191582 0 0.00191582 1231.89 12
4731 4.57998e-06 1.48849e-05 1.94649e-05 0 0.00113469 0.00113469 1226.73 12
4786 1.13616e-05 2.84039e-05 3.97655e-05 0 0.00174514 0.00174514 1222.11 12
4841 1.69606e-05 2.93984e-05 4.6359e-05 0 0.000802802 0.000802802 1213.91 12
4897 1.01239e-05 2.69972e-05 3.71211e-05 0 0.000339714 0.000339714 1206.27 12
4954 1.55063e-05 2.25547e-05 3.8061e-05 0 0.000950115 0.000950115 1199.82 12
