1 0.227733 0.319352 0.547084 0.193557 0.285641 0.479198 11
2 0.068565 0.107004 0.175569 0.0410008 0.0603381 0.101339 11
3 0.0354229 0.0537811 0.089204 0.0172846 0.0247161 0.0420007 11
4 0.0234142 0.0350114 0.0584256 0.00961769 0.0142147 0.0238324 11
5 0.0187221 0.0256134 0.0443356 0.00647721 0.00920543 0.0156826 11
6 0.0143637 0.0212158 0.0355795 0.00454707 0.00679466 0.0113417 11
7 0.0115302 0.0177545 0.0292847 0.00356604 0.00531247 0.00887851 11
8 0.0104855 0.0147502 0.0252357 0.00290998 0.00427265 0.00718264 11
9 0.00890848 0.0135299 0.0224384 0.00246745 0.00345121 0.00591866 11
10 0.00784348 0.0120691 0.0199126 0.00199669 0.00301666 0.00501335 11
11 0.00749828 0.0101999 0.0176981 0.00178909 0.00242813 0.00421722 11
12 0.00575444 0.00952002 0.0152745 0.0015556 0.00221346 0.00376905 11
13 0.00665901 0.00877663 0.0154356 0.0013857 0.00193018 0.00331587 11
14 0.00528424 0.00889719 0.0141814 0.00112429 0.00161465 0.00273894 11
15 0.00514078 0.00768736 0.0128281 0.000965302 0.00147444 0.00243974 11
16 0.00501873 0.00654517 0.0115639 0.000884262 0.00138017 0.00226443 11
17 0.00469358 0.0063475 0.0110411 0.000757689 0.00121493 0.00197261 11
18 0.00413079 0.00587008 0.0100009 0.000771561 0.00104409 0.00181565 11
19 0.00339955 0.00565176 0.00905131 0.000719394 0.000963416 0.00168281 11
20 0.0035718 0.00547125 0.00904305 0.000641385 0.00090874 0.00155013 11
21 0.00347264 0.00476479 0.00823743 0.000657832 0.00085468 0.00151251 11
22 0.00388875 0.00483626 0.008725 0.000559743 0.000826027 0.00138577 11
23 0.00314599 0.00472863 0.00787462 0.000520915 0.000809522 0.00133044 11
24 0.00317071 0.00485043 0.00802114 0.000411612 0.000691503 0.00110312 11
25 0.00278365 0.00454664 0.00733029 0.000407279 0.000628511 0.00103579 11
26 0.00271804 0.00441453 0.00713256 0.000367423 0.0006058 0.000973223 11
27 0.00260226 0.00386775 0.00647001 0.000383056 0.000629113 0.00101217 11
28 0.00236643 0.0042771 0.00664353 0.000348834 0.00053336 0.000882194 11
29 0.00253461 0.00406918 0.00660379 0.000329316 0.000561131 0.000890446 11
30 0.00262792 0.00384863 0.00647655 0.000370163 0.00062124 0.000991404 11
31 0.00233458 0.00351854 0.00585312 0.000289468 0.000497586 0.000787054 11
32 0.00245894 0.0032294 0.00568834 0.000315571 0.000467775 0.000783346 11
33 0.00230079 0.00388865 0.00618944 0.000337936 0.000451669 0.000789605 11
34 0.00226187 0.0028353 0.00509716 0.000327991 0.000380332 0.000708324 11
35 0.0020793 0.00291417 0.00499346 0.000321351 0.000481908 0.00080326 11
36 0.00216759 0.00303462 0.0052022 0.000209774 0.000339713 0.000549487 11
37 0.00220433 0.00275541 0.00495974 0.000237921 0.000363059 0.00060098 11
38 0.00219597 0.00266546 0.00486143 0.000218244 0.000405777 0.000624021 11
39 0.00148907 0.00287391 0.00436298 0.000199773 0.000379861 0.000579634 11
40 0.00151627 0.00298837 0.00450464 0.000207567 0.000352377 0.000559944 11
41 0.00164313 0.0025883 0.00423143 0.000214834 0.000320382 0.000535216 11
42 0.00182631 0.00276104 0.00458735 0.000220688 0.000324904 0.000545591 11
43 0.00180767 0.00281826 0.00462594 0.00022084 0.000259253 0.000480093 11
44 0.00164613 0.00267319 0.00431932 0.000220931 0.000199777 0.000420708 11
45 0.00129264 0.00247408 0.00376671 0.000145892 0.000203344 0.000349235 11
46 0.00157987 0.00236293 0.0039428 0.000211755 0.000239893 0.000451648 11
47 0.00161615 0.00225445 0.0038706 0.000155261 0.000240528 0.000395788 11
48 0.00172015 0.00202924 0.0037494 0.000168046 0.00022861 0.000396656 11
49 0.00182079 0.00206002 0.00388081 0.000153379 0.000230251 0.00038363 11
50 0.00117591 0.00229897 0.00347488 0.000124813 0.000216985 0.000341798 11
51 0.00156687 0.00219361 0.00376048 0.000170326 0.000206486 0.000376813 11
52 0.00123911 0.00222007 0.00345918 0.0001464 0.000245368 0.000391767 11
53 0.00137326 0.00213047 0.00350373 0.000157219 0.000240036 0.000397255 11
54 0.00100155 0.00199042 0.00299196 0.000140545 0.000247577 0.000388122 11
55 0.00152852 0.00199208 0.0035206 7.39271e-05 0.000331144 0.000405071 11
56 0.00108396 0.00196858 0.00305254 9.51587e-05 0.000232852 0.000328011 11
57 0.00119489 0.00195863 0.00315352 0.000112362 0.00012237 0.000234732 11
58 0.00158034 0.00164159 0.00322193 0.00010866 0.000232291 0.000340951 11
59 0.00119842 0.00170684 0.00290525 8.47067e-05 0.000183233 0.00026794 11
60 0.00114335 0.00181733 0.00296068 0.000113197 0.000111007 0.000224203 11
61 0.00114192 0.00198646 0.00312838 9.02311e-05 0.000176535 0.000266766 11
62 0.000981494 0.00185656 0.00283805 0.000111613 0.000159557 0.000271169 11
63 0.00115224 0.00156375 0.00271599 0.000115564 0.000190335 0.000305899 11
64 0.00122065 0.00163915 0.0028598 0.000144343 0.000207044 0.000351387 11
65 0.00123738 0.00179247 0.00302985 0.000105496 0.000178214 0.000283709 11
66 0.00108093 0.00136841 0.00244935 0.000107488 0.000157257 0.000264745 11
67 0.00100018 0.00147754 0.00247772 9.63072e-05 0.000146583 0.000242891 11
68 0.00106207 0.00155922 0.00262129 6.44585e-05 0.000126526 0.000190984 11
69 0.0011686 0.0013821 0.00255071 9.26991e-05 0.000133104 0.000225803 11
70 0.00076642 0.00144398 0.0022104 7.76497e-05 0.000149734 0.000227384 11
71 0.00100437 0.00133548 0.00233985 7.7463e-05 0.000161031 0.000238494 11
72 0.000943562 0.00140437 0.00234793 8.04091e-05 0.000149511 0.00022992 11
73 0.00110169 0.00153801 0.0026397 7.48704e-05 0.000194745 0.000269615 11
74 0.000965314 0.00136662 0.00233194 7.66675e-05 0.000174996 0.000251664 11
75 0.000696513 0.00154304 0.00223956 8.14839e-05 0.000135316 0.0002168 11
76 0.00091617 0.00129968 0.00221585 6.84698e-05 0.000136058 0.000204528 11
77 0.00101684 0.00122868 0.00224552 8.0689e-05 0.000139878 0.000220567 11
78 0.00102184 0.00152749 0.00254933 5.70933e-05 0.00015442 0.000211513 11
79 0.000807043 0.00166649 0.00247354 6.44174e-05 0.000112605 0.000177022 11
80 0.000875556 0.00148011 0.00235566 8.58833e-05 0.000144298 0.000230181 11
81 0.000891413 0.00150296 0.00239438 7.13177e-05 0.000104629 0.000175946 11
82 0.00086589 0.00136068 0.00222657 5.13362e-05 0.000141927 0.000193263 11
83 0.000902055 0.00147609 0.00237815 5.60693e-05 0.000156186 0.000212256 11
84 0.000846179 0.00135593 0.0022021 5.66478e-05 0.000115109 0.000171757 11
85 0.000770549 0.00147013 0.00224067 5.565e-05 0.000139921 0.000195571 11
86 0.000765813 0.00108826 0.00185407 5.0553e-05 9.33151e-05 0.000143868 11
87 0.000670912 0.0012517 0.00192261 5.20061e-05 0.000117656 0.000169662 11
88 0.00079621 0.00125403 0.00205024 6.09867e-05 0.000100286 0.000161272 11
89 0.000791664 0.00113802 0.00192968 6.18139e-05 8.58962e-05 0.00014771 11
90 0.000698365 0.00115083 0.00184919 5.03157e-05 0.000121869 0.000172185 11
91 0.000998229 0.00133097 0.0023292 6.05249e-05 0.00014781 0.000208334 11
92 0.000847144 0.00135348 0.00220063 0.000100391 0.000123793 0.000224184 11
93 0.000929872 0.00116234 0.00209221 5.87586e-05 0.000121221 0.00017998 11
94 0.000751387 0.00112708 0.00187847 4.42835e-05 9.98669e-05 0.00014415 11
95 0.00071826 0.000948103 0.00166636 4.47117e-05 0.000141391 0.000186103 11
96 0.000723286 0.00105638 0.00177966 4.16976e-05 0.000136821 0.000178519 11
97 0.000719411 0.00120217 0.00192158 4.05042e-05 0.000110735 0.00015124 11
98 0.000705995 0.00109194 0.00179793 5.22404e-05 0.000111505 0.000163745 11
100 0.000654842 0.00102904 0.00168388 6.85614e-05 5.26888e-05 0.00012125 11
101 0.000809092 0.00103229 0.00184138 6.21985e-05 7.04286e-05 0.000132627 11
102 0.000647273 0.000924676 0.00157195 4.97017e-05 6.11765e-05 0.000110878 11
103 0.000670642 0.000826818 0.00149746 7.35254e-05 0.000102893 0.000176418 11
104 0.000556966 0.00104089 0.00159785 4.76202e-05 6.16595e-05 0.00010928 11
105 0.000807666 0.000871191 0.00167886 5.85649e-05 5.38135e-05 0.000112378 11
107 0.000613669 0.000839282 0.00145295 4.418e-05 5.68743e-05 0.000101054 11
108 0.000762763 0.00112171 0.00188447 4.35326e-05 4.45286e-05 8.80612e-05 11
109 0.000687261 0.00096395 0.00165121 1.21339e-05 6.88443e-05 8.09781e-05 11
110 0.000576829 0.00105604 0.00163287 2.93638e-05 7.34542e-05 0.000102818 11
112 0.000688201 0.00085584 0.00154404 3.2612e-05 8.24457e-05 0.000115058 11
113 0.000649168 0.000973753 0.00162292 1.79205e-05 5.31218e-05 7.10423e-05 11
114 0.000532291 0.00105586 0.00158815 3.89535e-05 8.81271e-05 0.000127081 11
116 0.000650646 0.000910905 0.00156155 3.83738e-05 9.72037e-05 0.000135577 11
117 0.000603677 0.000888268 0.00149195 3.10535e-05 0.000103194 0.000134247 11
118 0.000686036 0.000754639 0.00144068 6.13457e-05 8.30989e-05 0.000144445 11
120 0.000502889 0.000903496 0.00140639 5.52727e-05 8.26206e-05 0.000137893 11
121 0.000660894 0.000821881 0.00148277 4.83122e-05 3.86176e-05 8.69298e-05 11
123 0.000547816 0.000884933 0.00143275 6.14905e-05 5.93643e-05 0.000120855 11
124 0.000578127 0.000921651 0.00149978 7.4404e-05 5.76051e-05 0.000132009 11
125 0.000549826 0.000874723 0.00142455 7.2202e-05 4.7573e-05 0.000119775 11
127 0.000646139 0.000762113 0.00140825 7.7649e-05 0.000112266 0.000189915 11
128 0.000510654 0.000741272 0.00125193 3.48746e-05 4.96282e-05 8.45028e-05 11
130 0.000556706 0.000818686 0.00137539 3.28525e-05 3.43199e-05 6.71724e-05 11
131 0.000610714 0.000928286 0.001539 2.62838e-05 4.44174e-05 7.07012e-05 11
133 0.000558922 0.00077763 0.00133655 2.26596e-05 3.35712e-05 5.62308e-05 11
134 0.000709323 0.000902774 0.0016121 2.47181e-05 5.17059e-05 7.6424e-05 11
136 0.000657673 0.000713816 0.00137149 1.76523e-05 3.66224e-05 5.42747e-05 11
138 0.000590342 0.000670118 0.00126046 2.86279e-05 3.10804e-05 5.97083e-05 11
139 0.000594851 0.00065037 0.00124522 4.26752e-05 1.8771e-05 6.14462e-05 11
141 0.000504879 0.000709986 0.00121487 6.58318e-05 2.0907e-05 8.67387e-05 11
142 0.00047047 0.000635135 0.0011056 5.55176e-05 2.53419e-05 8.08595e-05 11
144 0.00052983 0.00057658 0.00110641 1.79382e-05 4.09705e-05 5.89086e-05 11
146 0.000519018 0.000728174 0.00124719 3.02196e-05 3.61032e-05 6.63228e-05 11
147 0.000408141 0.000708472 0.00111661 1.69758e-05 6.56595e-05 8.26353e-05 11
149 0.000581894 0.000620176 0.00120207 3.08947e-05 1.7906e-05 4.88007e-05 11
151 0.000403478 0.000730827 0.0011343 3.3627e-05 2.27371e-05 5.63641e-05 11
153 0.000476839 0.000862852 0.00133969 3.05498e-05 4.23355e-05 7.28853e-05 11
154 0.000579928 0.00068537 0.0012653 3.55905e-05 5.84512e-05 9.40417e-05 11
156 0.000494664 0.000741995 0.00123666 3.01835e-05 2.42473e-05 5.44308e-05 11
158 0.000372548 0.000648233 0.00102078 2.94199e-05 4.40938e-05 7.35137e-05 11
160 0.000496403 0.0007409 0.0012373 4.28769e-05 2.92351e-05 7.2112e-05 11
162 0.000434581 0.000567165 0.00100175 3.88351e-05 4.50859e-05 8.39211e-05 11
164 0.000446723 0.000688393 0.00113512 6.14368e-05 6.38491e-05 0.000125286 11
165 0.000458923 0.000670173 0.0011291 4.35814e-05 3.60829e-05 7.96643e-05 11
167 0.000485451 0.000623116 0.00110857 2.97745e-05 4.05359e-05 7.03105e-05 11
169 0.000389144 0.000749463 0.00113861 1.45642e-05 2.07946e-05 3.53588e-05 11
171 0.000429923 0.000659215 0.00108914 3.34944e-05 5.73446e-05 9.0839e-05 11
173 0.000384624 0.000512831 0.000897455 2.90698e-05 2.81154e-05 5.71852e-05 11
175 0.000410617 0.000573447 0.000984064 9.88994e-06 3.18234e-05 4.17134e-05 11
177 0.000330588 0.000492365 0.000822953 1.13609e-05 6.74054e-05 7.87663e-05 11
179 0.000342504 0.000671028 0.00101353 1.72749e-05 5.15265e-05 6.88014e-05 11
181 0.000319535 0.000507089 0.000826624 1.67436e-05 1.87888e-05 3.55323e-05 11
184 0.000379661 0.00056604 0.000945702 3.08405e-05 2.14976e-05 5.2338e-05 11
186 0.000411802 0.000501026 0.000912828 3.04959e-05 1.25007e-05 4.29966e-05 11
188 0.000395788 0.000511795 0.000907583 3.43221e-05 5.81052e-05 9.24273e-05 11
190 0.000475121 0.000610869 0.00108599 1.67333e-05 3.21208e-05 4.88541e-05 11
192 0.000344336 0.000587397 0.000931734 2.72105e-05 6.19381e-05 8.91486e-05 11
194 0.000476756 0.000503616 0.000980372 1.51205e-05 2.63774e-05 4.14979e-05 11
197 0.000300557 0.00056104 0.000861597 1.91453e-05 4.58694e-05 6.50147e-05 11
199 0.000398449 0.000504702 0.00090315 2.74246e-05 5.07711e-05 7.81957e-05 11
201 0.000329976 0.000448768 0.000778744 2.86929e-05 6.70693e-06 3.53998e-05 11
204 0.000374043 0.00051841 0.000892453 2.29194e-05 1.50019e-05 3.79213e-05 11
206 0.000319656 0.000502316 0.000821971 1.2007e-05 2.69283e-05 3.89352e-05 11
208 0.000402018 0.000492796 0.000894814 3.70429e-05 5.25812e-05 8.96242e-05 11
211 0.000309526 0.000419149 0.000728675 8.18342e-06 3.10186e-05 3.9202e-05 11
213 0.000333282 0.000461467 0.00079475 1.74615e-05 2.7366e-05 4.48274e-05 11
216 0.000254745 0.000496752 0.000751497 2.25562e-05 2.80386e-05 5.05948e-05 11
218 0.000398974 0.000493968 0.000892942 1.64137e-05 2.11638e-06 1.85301e-05 11
221 0.000333711 0.000409268 0.000742979 1.85972e-05 6.60851e-06 2.52057e-05 11
223 0.000275437 0.000550875 0.000826312 2.13512e-05 3.15891e-05 5.29402e-05 11
226 0.000317601 0.000579154 0.000896755 1.83338e-05 4.31545e-05 6.14883e-05 11
229 0.000334312 0.000408603 0.000742914 1.13036e-05 1.3549e-06 1.26585e-05 11
231 0.000400338 0.000486564 0.000886902 1.19346e-05 1.74172e-05 2.93518e-05 11
234 0.000337043 0.000422836 0.000759878 1.12195e-05 2.84896e-05 3.97091e-05 11
237 0.000280196 0.000408111 0.000688307 1.53117e-05 3.04042e-05 4.57159e-05 11
239 0.000296775 0.000496645 0.00079342 1.47522e-05 1.58882e-05 3.06405e-05 11
242 0.000301252 0.000457903 0.000759155 3.26303e-05 2.38656e-05 5.64959e-05 11
245 0.000239446 0.00035917 0.000598616 1.81767e-05 1.77893e-05 3.5966e-05 11
248 0.000327319 0.0004761 0.000803418 1.55402e-05 7.92448e-06 2.34647e-05 11
251 0.000254409 0.000384572 0.000638981 1.7406e-05 2.59685e-05 4.33745e-05 11
254 0.000241072 0.000405706 0.000646777 3.21023e-05 1.35019e-05 4.56042e-05 11
257 0.00038601 0.000415253 0.000801263 1.95289e-05 1.37294e-05 3.32583e-05 11
260 0.000296739 0.000372379 0.000669118 2.2798e-05 1.51075e-05 3.79055e-05 11
263 0.000271955 0.000410825 0.000682779 1.76901e-05 1.05675e-05 2.82576e-05 11
266 0.000293475 0.000362527 0.000656002 2.87718e-05 2.09863e-05 4.97581e-05 11
269 0.000240255 0.00047479 0.000715046 1.24786e-05 1.65867e-05 2.90654e-05 11
272 0.000295903 0.000421093 0.000716997 2.92291e-05 2.31238e-05 5.2353e-05 11
275 0.000254581 0.000401672 0.000656253 5.92953e-06 8.94889e-06 1.48784e-05 11
278 0.000259002 0.000484221 0.000743222 3.46973e-06 1.02077e-05 1.36775e-05 11
281 0.000279889 0.000352661 0.00063255 3.3282e-06 1.39561e-05 1.72843e-05 11
285 0.00019482 0.000395206 0.000590026 9.88085e-06 1.51443e-05 2.50252e-05 11
288 0.000232291 0.000348436 0.000580727 1.38992e-05 8.57691e-06 2.24761e-05 11
291 0.000241992 0.000445486 0.000687478 1.53241e-05 1.56647e-05 3.09887e-05 11
295 0.000279125 0.000383112 0.000662237 1.60543e-05 2.09699e-05 3.70242e-05 11
298 0.000206809 0.000326541 0.000533351 4.49503e-06 2.48394e-05 2.93344e-05 11
301 0.00023245 0.000351378 0.000583828 1.66189e-05 2.24508e-05 3.90697e-05 11
305 0.000241886 0.000301014 0.0005429 3.25533e-05 0 3.25533e-05 11
309 0.000245884 0.00035279 0.000598674 3.00807e-06 7.85089e-06 1.0859e-05 11
312 0.000207289 0.000393318 0.000600607 1.45111e-05 1.22631e-05 2.67742e-05 11
316 0.000206073 0.000290616 0.00049669 2.18887e-05 3.37753e-06 2.52662e-05 11
319 0.000215338 0.000336138 0.000551476 1.15505e-05 1.6066e-05 2.76166e-05 11
323 0.000271658 0.000344797 0.000616455 4.89307e-06 1.24582e-05 1.73512e-05 11
327 0.000259893 0.000343059 0.000602951 3.81706e-06 1.36636e-05 1.74807e-05 11
331 0.000222223 0.000330751 0.000552974 1.22112e-05 1.81035e-05 3.03148e-05 11
334 0.000246765 0.000323879 0.000570644 1.9797e-05 1.46696e-05 3.44666e-05 11
338 0.00024558 0.000276277 0.000521857 2.30005e-06 9.99982e-06 1.22999e-05 11
342 0.000177978 0.000340702 0.00051868 2.54252e-05 0 2.54252e-05 11
346 0.000217399 0.000303347 0.000520746 3.16256e-06 1.43968e-05 1.75593e-05 11
350 0.000226326 0.000326916 0.000553242 1.45792e-06 7.07798e-06 8.5359e-06 11
354 0.000225195 0.000290251 0.000515446 1.40251e-05 9.75666e-06 2.37818e-05 11
358 0.000218939 0.00036324 0.000582179 1.72274e-05 1.10585e-05 2.8286e-05 11
363 0.000153416 0.000351372 0.000504788 1.08541e-06 1.4958e-05 1.60435e-05 11
367 0.000167201 0.000265555 0.000432756 1.50903e-05 1.30006e-05 2.80909e-05 11
371 0.000161286 0.000234597 0.000395883 1.24042e-05 1.13123e-05 2.37165e-05 11
375 0.000184557 0.000305977 0.000490534 6.1881e-06 1.80554e-06 7.99364e-06 11
380 0.000183474 0.000275211 0.000458685 2.10461e-06 7.72777e-06 9.83238e-06 11
384 0.0001872 0.0002544 0.000441601 1.23538e-05 5.42952e-06 1.77833e-05 11
389 0.000128813 0.000291022 0.000419835 0 2.73559e-06 2.73559e-06 11
393 0.00021343 0.000241887 0.000455317 6.11911e-06 0 6.11911e-06 11
398 0.00016028 0.000202707 0.000362987 1.56726e-05 1.01543e-05 2.58269e-05 11
402 0.000173391 0.000299919 0.00047331 1.91983e-05 9.06763e-06 2.8266e-05 11
407 0.000158344 0.000204915 0.000363259 1.39855e-05 4.24779e-06 1.82333e-05 11
412 0.000157239 0.000161864 0.000319103 6.1985e-06 3.14284e-06 9.34135e-06 11
416 0.000202331 0.000243717 0.000446049 1.07157e-05 1.7336e-05 2.80517e-05 11
421 0.000187492 0.000237795 0.000425287 9.89313e-06 1.94203e-05 2.93134e-05 11
426 0.000145497 0.000300087 0.000445584 6.29353e-06 1.10379e-05 1.73315e-05 11
431 0.000185296 0.000167218 0.000352514 5.71648e-06 6.89407e-06 1.26106e-05 11
436 0.000112335 0.000314539 0.000426874 1.68825e-06 9.46912e-06 1.11574e-05 11
441 0.000178638 0.000236695 0.000415332 4.27191e-06 8.05379e-06 1.23257e-05 11
446 0.000200033 0.000293382 0.000493414 7.49396e-07 6.26358e-06 7.01298e-06 11
451 0.000181397 0.000287581 0.000468979 6.83828e-06 5.22875e-06 1.2067e-05 11
457 0.000145198 0.000224397 0.000369595 8.64746e-06 1.77801e-05 2.64275e-05 11
462 0.000131236 0.000205604 0.00033684 1.01157e-05 4.73581e-06 1.48515e-05 11
467 0.000156555 0.000230484 0.000387039 6.33022e-06 1.05807e-05 1.69109e-05 11
473 0.000142655 0.000242082 0.000384737 1.21214e-05 2.10343e-05 3.31557e-05 11
478 0.000107364 0.000201844 0.000309208 3.35503e-06 1.64621e-05 1.98171e-05 11
484 0.000166493 0.000213453 0.000379946 7.8708e-07 1.02562e-05 1.10433e-05 11
489 0.000182617 0.000208098 0.000390715 0 3.43129e-06 3.43129e-06 11
495 0.000147847 0.000198538 0.000346385 8.27415e-06 1.60721e-05 2.43463e-05 11
501 0.000172265 0.000205877 0.000378142 0 9.35995e-06 9.35995e-06 11
506 0.000179734 0.000229892 0.000409625 1.37174e-05 1.95991e-06 1.56773e-05 11
512 0.000137244 0.000195469 0.000332714 6.01476e-06 1.0812e-05 1.68268e-05 11
518 0.000148901 0.000202671 0.000351572 3.87067e-07 1.06871e-05 1.10741e-05 11
524 0.00016456 0.000209814 0.000374375 6.23225e-07 7.78876e-06 8.41199e-06 11
530 0.000134989 0.000233163 0.000368152 2.97039e-06 2.37375e-06 5.34413e-06 11
537 0.00010577 0.000178996 0.000284766 7.08372e-06 7.94817e-06 1.50319e-05 11
543 0.000113168 0.000198044 0.000311212 5.24819e-06 5.9815e-06 1.12297e-05 11
549 0.000120525 0.000200874 0.000321399 4.92844e-06 5.64043e-06 1.05689e-05 11
555 0.000143793 0.000191724 0.000335517 1.28759e-05 1.73686e-06 1.46128e-05 11
562 0.000131125 0.00018278 0.000313906 5.15984e-06 5.46101e-06 1.06208e-05 11
568 9.87245e-05 0.000189551 0.000288275 0 1.1745e-05 1.1745e-05 11
575 0.000105948 0.000192275 0.000298223 0 3.48909e-06 3.48909e-06 11
582 0.000128723 0.000202837 0.00033156 0 2.11906e-06 2.11906e-06 11
588 0.000151288 0.000151288 0.000302577 8.50844e-06 5.64462e-06 1.41531e-05 11
595 0.000111934 0.000208428 0.000320362 8.02325e-06 9.71075e-06 1.7734e-05 11
602 0.000130451 0.000149635 0.000280086 1.3158e-05 2.42155e-06 1.55795e-05 11
609 0.000133511 0.000186916 0.000320427 1.28182e-07 1.54648e-05 1.55929e-05 11
616 9.10602e-05 0.000140384 0.000231445 0 8.42182e-06 8.42182e-06 11
623 0.000135691 0.000135691 0.000271382 1.2611e-05 3.94817e-06 1.65592e-05 11
630 0.000116174 0.000131164 0.000247338 0 5.77151e-07 5.77151e-07 11
638 0.00011552 0.000193775 0.000309295 0 5.64231e-06 5.64231e-06 11
645 8.14691e-05 0.000166641 0.00024811 1.47875e-08 8.19978e-06 8.21457e-06 11
653 0.000121516 0.00017675 0.000298266 0 6.43223e-06 6.43223e-06 11
660 0.000102556 0.000186799 0.000289355 0 1.62779e-06 1.62779e-06 11
668 0.000123892 0.000167619 0.000291511 2.69311e-06 5.62289e-06 8.316e-06 11
676 9.78158e-05 0.000119553 0.000217368 0 7.03226e-06 7.03226e-06 11
683 9.7181e-05 0.000147571 0.000244752 0 1.18993e-05 1.18993e-05 11
691 7.86788e-05 0.000150205 0.000228884 4.175e-06 2.22088e-06 6.39588e-06 11
699 0.000113745 0.000124408 0.000238153 5.58461e-06 2.40943e-06 7.99403e-06 11
707 9.18439e-05 0.000109506 0.00020135 0 0 1 11
716 0.000101812 0.000150962 0.000252774 3.20361e-06 2.1679e-06 5.37151e-06 11
724 7.68071e-05 0.000185035 0.000261842 1.94706e-06 1.06577e-05 1.26047e-05 11
732 8.67748e-05 0.000149253 0.000236028 0 3.65471e-06 3.65471e-06 11
741 0.00013118 0.000110467 0.000241647 0 2.46129e-06 2.46129e-06 11
749 0.000120144 0.000123577 0.000243722 0 0 1 11
758 7.17017e-05 0.000143403 0.000215105 5.30368e-06 7.16574e-06 1.24694e-05 11
767 7.45942e-05 0.000108501 0.000183095 1.66261e-06 2.24097e-06 3.90358e-06 11
776 0.000104527 0.000168592 0.000273119 1.63033e-06 5.76733e-06 7.39766e-06 11
785 8.71685e-05 0.000130753 0.000217921 0 1.13466e-06 1.13466e-06 11
794 8.99835e-05 0.000149973 0.000239956 0 2.58658e-06 2.58658e-06 11
803 7.29092e-05 0.000145818 0.000218728 0 6.48779e-06 6.48779e-06 11
812 0.000102161 0.000131821 0.000233982 3.59811e-06 0 3.59811e-06 11
822 6.88116e-05 0.000134347 0.000203158 3.39489e-07 4.51287e-06 4.85236e-06 11
831 9.44139e-05 0.000110692 0.000205106 2.305e-06 0 2.305e-06 11
841 9.71562e-05 0.00011011 0.000207267 1.65066e-06 2.41431e-06 4.06497e-06 11
851 9.66479e-05 0.000144972 0.00024162 9.20527e-06 8.23966e-06 1.74449e-05 11
860 5.76688e-05 0.00015058 0.000208249 2.35444e-07 0 2.35444e-07 11
870 7.32228e-05 0.000108242 0.000181465 6.46694e-06 8.53194e-07 7.32014e-06 11
881 7.91457e-05 0.000139296 0.000218442 5.16892e-06 4.05829e-06 9.2272e-06 11
891 7.23892e-05 0.000132189 0.000204578 2.67661e-06 8.0366e-07 3.48027e-06 11
901 6.2562e-05 0.000134508 0.00019707 1.7763e-06 9.44013e-07 2.72031e-06 11
912 5.59421e-05 0.000111884 0.000167826 0 1.02482e-05 1.02482e-05 11
922 8.34193e-05 0.000101957 0.000185376 1.71242e-06 2.78021e-07 1.99044e-06 11
933 6.44912e-05 0.000107485 0.000171976 1.55514e-06 0 1.55514e-06 11
944 5.79539e-05 0.000122008 0.000179962 0 3.17075e-06 3.17075e-06 11
954 6.97147e-05 0.000100025 0.00016974 8.16565e-07 0 8.16565e-07 11
966 9.95415e-05 0.000114624 0.000214165 0 0 1 11
977 7.80483e-05 0.000135084 0.000213132 3.84219e-06 0 3.84219e-06 11
988 7.76256e-05 0.00010151 0.000179136 3.38726e-06 6.37458e-09 3.39363e-06 11
1000 0 0 1 0 0 1 11
