1 0.268626 0.180255 0.448881 16246.4 11299.8 27546.2 77906.8 5
2 0.0809689 0.0611765 0.142145 2294.45 1560.91 3855.36 51520.4 5
3 0.048332 0.0304138 0.0787457 724.261 512.343 1236.6 40424 5
4 0.034609 0.0212254 0.0558344 349.443 245.901 595.345 34181.9 5
5 0.0274025 0.0158896 0.0432921 204.98 140.599 345.579 30181.1 5
6 0.0183253 0.0127137 0.031039 135.542 98.1491 233.691 27239 5
7 0.0141832 0.00994457 0.0241278 99.7964 64.2885 164.085 24945.8 5
8 0.013166 0.00862334 0.0217893 71.0966 48.2816 119.378 23268.6 5
9 0.0137805 0.0067809 0.0205614 54.5328 38.8648 93.3977 21897.1 5
10 0.0089546 0.00638623 0.0153408 45.0364 30.3939 75.4302 20737.9 5
11 0.0089156 0.00706644 0.015982 34.2189 25.9293 60.1483 19649.3 5
12 0.00792594 0.00608712 0.0140131 29.5538 19.0032 48.557 18881.7 5
13 0.00726185 0.00579728 0.0130591 23.5432 17.9764 41.5196 18098.2 5
14 0.00752145 0.00534728 0.0128687 18.37 17.807 36.177 17343 5
15 0.00664395 0.00425894 0.0109029 15.5051 12.9867 28.4918 16747.7 5
16 0.00623896 0.00364399 0.00988295 15.296 12.9918 28.2878 16260 5
17 0.0057149 0.004166 0.0098809 10.777 10.3544 21.1314 15688.6 5
18 0.00498649 0.00348016 0.00846665 13.6436 9.13947 22.7831 15227.3 5
19 0.00396341 0.00340447 0.00736789 11.8047 8.97917 20.7839 14866.6 5
20 0.00463762 0.00300952 0.00764715 9.97809 6.29567 16.2738 14455.9 5
21 0.00496793 0.00289394 0.00786186 8.65731 6.50904 15.1664 14122.9 5
22 0.00429691 0.00311644 0.00741335 8.25408 6.315 14.5691 13774.7 5
23 0.00466147 0.00276919 0.00743065 7.7138 4.85642 12.5702 13458.7 5
24 0.00361109 0.00212151 0.0057326 7.09777 3.89966 10.9974 13141.5 5
25 0.00346236 0.00221946 0.00568182 6.38303 4.12038 10.5034 12908.6 5
26 0.00410301 0.0024007 0.00650371 5.1546 3.86923 9.02383 12683.2 5
27 0.00302875 0.00234622 0.00537497 6.2336 4.71163 10.9452 12394.4 5
28 0.00298019 0.00256044 0.00554063 4.38919 3.9231 8.31229 12168.9 5
29 0.00284642 0.00255765 0.00540407 3.38625 3.925 7.31125 11960.7 5
30 0.00275705 0.0024327 0.00518975 3.73317 3.63165 7.36482 11756.5 5
31 0.00366242 0.00207006 0.00573248 3.89506 3.64737 7.54244 11566.9 5
32 0.00262375 0.00211466 0.00473841 3.63534 2.49734 6.13268 11359.2 5
33 0.00325216 0.00205196 0.00530412 3.13706 2.8456 5.98266 11229.6 5
34 0.00300826 0.0020182 0.00502647 2.5614 1.91824 4.47965 11029.5 5
35 0.00278489 0.00169351 0.0044784 2.24349 2.39587 4.63936 10906.1 5
36 0.00236407 0.00184693 0.00421099 2.34327 2.25768 4.60095 10733.2 5
37 0.00281268 0.00160725 0.00441993 3.24558 1.4935 4.73908 10606.8 5
38 0.00205865 0.00187807 0.00393672 3.86825 2.13183 6.00007 10484.2 5
39 0.00262812 0.00177576 0.00440388 3.64481 2.08978 5.7346 10300 5
40 0.00245812 0.00165045 0.00410858 2.52558 1.27752 3.8031 10180.1 5
41 0.00211791 0.00149295 0.00361086 2.94025 1.55486 4.4951 10061.8 5
42 0.00264632 0.00144345 0.00408977 2.26611 0.965426 3.23154 9933.07 5
43 0.00258328 0.00139361 0.00397689 2.04731 1.88746 3.93477 9814.71 5
44 0.00228464 0.00161269 0.00389733 1.32092 0.773182 2.09411 9703.45 5
45 0.00185923 0.00169323 0.00355246 2.4662 0.75249 3.21869 9596.82 5
46 0.00206897 0.00157635 0.00364532 2.51468 1.48552 4.0002 9480.76 5
47 0.00194742 0.00120091 0.00314833 2.19432 1.49796 3.69228 9374.85 5
48 0.00208373 0.00144259 0.00352632 1.62666 1.70501 3.33167 9275.16 5
49 0.00161689 0.00114134 0.00275823 1.72351 1.0778 2.80131 9165.17 5
50 0.00211237 0.00110347 0.00321584 1.44587 1.29072 2.73658 9110.92 5
51 0.00218191 0.00155851 0.00374042 1.25616 0.788168 2.04432 9005.36 5
52 0.0019104 0.000893572 0.00280397 0.895729 1.16118 2.05691 8902.19 5
53 0.00165451 0.00113365 0.00278816 1.02316 1.18699 2.21015 8850.63 5
54 0.00181967 0.0013041 0.00312377 1.41361 1.06281 2.47642 8737.92 5
55 0.00170874 0.0010792 0.00278794 0.863841 0.813028 1.67687 8639.19 5
56 0.00187931 0.0012827 0.00316201 0.600274 0.7363 1.33657 8581.5 5
57 0.00177038 0.00118025 0.00295064 1.4284 0.827594 2.256 8478.8 5
58 0.00184946 0.00117426 0.00302372 0.857738 0.934594 1.79233 8423.94 5
59 0.00171268 0.00110308 0.00281576 0.717524 1.21095 1.92847 8325.46 5
60 0.00176234 0.00135787 0.00312021 1.3091 1.19299 2.50209 8269.57 5
61 0.0017439 0.00105778 0.00280168 1.18625 1.03611 2.22236 8166.51 5
62 0.0012791 0.00119383 0.00247293 0.552258 0.742759 1.29502 8119.97 5
63 0.0015825 0.000847769 0.00243027 1.25083 0.334954 1.58578 8074.66 5
64 0.0015083 0.000921736 0.00243003 0.72225 0.413469 1.13572 7982.78 5
65 0.00119405 0.00111074 0.00230479 0.481478 0.349745 0.831223 7937.46 5
66 0.00151879 0.00113219 0.00265098 0.620772 0.445365 1.06614 7890.25 5
67 0.00169422 0.00084711 0.00254133 1.05465 0.346905 1.40156 7791.8 5
68 0.00122229 0.000760539 0.00198283 1.1385 0.269231 1.40773 7749.42 5
69 0.00153987 0.000864491 0.00240437 0.342771 0.393289 0.73606 7702.01 5
70 0.0011209 0.00114758 0.00226848 0.600267 0.233307 0.833574 7618.97 5
71 0.000902096 0.000928628 0.00183072 0.294269 0.890634 1.1849 7576.31 5
72 0.00142383 0.000870115 0.00229394 0.514766 1.04034 1.55511 7536.25 5
73 0.00138991 0.000812965 0.00220287 0.945374 0.811077 1.75645 7490.93 5
74 0.00130416 0.000808576 0.00211273 0.618613 0.785988 1.4046 7444.99 5
75 0.00121265 0.000722431 0.00193508 0.635662 0.330332 0.965994 7355.23 5
76 0.00110285 0.000974609 0.00207746 0.793409 0.373968 1.16738 7314.26 5
77 0.00135201 0.000765287 0.00211729 0.58246 0.387286 0.969746 7269.64 5
78 0.000938515 0.000938515 0.00187703 0.698407 0.542918 1.24133 7227.55 5
79 0.00113373 0.00088179 0.00201552 0.431548 0.321047 0.752595 7193.39 5
80 0.00107697 0.000801463 0.00187843 0.738723 0.436071 1.17479 7152.87 5
81 0.000771797 0.00089628 0.00166808 0.574864 0.186377 0.761241 7113.45 5
82 0.00106391 0.000915456 0.00197937 0.982582 0.552861 1.53544 7075.93 5
83 0.000959551 0.000959551 0.0019191 0.389996 0.709969 1.09997 7034.43 5
84 0.00119816 0.000806925 0.00200509 0.141041 0.770222 0.911263 6996.84 5
85 0.000899106 0.000729005 0.00162811 0.346423 0.222808 0.569231 6960.14 5
86 0.00101444 0.000676296 0.00169074 0.247959 0.288585 0.536544 6922.4 5
87 0.000936554 0.000888526 0.00182508 0.338312 0.308054 0.646367 6882.42 5
88 0.00121814 0.000859866 0.00207801 0.426231 0.508778 0.935008 6840.7 5
89 0.0011645 0.000689196 0.0018537 0.418461 0.538999 0.95746 6796.43 5
90 0.000897687 0.000685077 0.00158276 0.464033 0.488554 0.952588 6758.96 5
91 0.000727597 0.000891893 0.00161949 0.559686 0.455499 1.01519 6725.13 5
92 0.00102633 0.000676448 0.00170278 0.322199 0.462667 0.784866 6689.68 5
93 0.000881221 0.000927601 0.00180882 0.243588 0.257409 0.500997 6651.69 5
94 0.000922297 0.000553378 0.00147567 0.460756 0.355292 0.816048 6613.51 5
95 0.000847613 0.000801796 0.00164941 0.295817 0.595712 0.891528 6580 5
96 0.000751298 0.000682998 0.0014343 0.0296421 0.489914 0.519557 6545.31 5
97 0.00101874 0.00074708 0.00176582 0.546726 0.282577 0.829304 6506.95 5
98 0.00103604 0.000743243 0.00177928 0.703964 0.144482 0.848446 6465.73 5
100 0.0010528 0.000671998 0.00172479 0.50429 0.00633918 0.510629 6426.69 5
101 0.00104789 0.000579684 0.00162758 0.608 0.215932 0.823932 6382.92 5
102 0.000997672 0.000665115 0.00166279 0.430196 0.00179581 0.431992 6345.42 5
103 0.00101422 0.000507111 0.00152133 0.341197 0.249212 0.590409 6307.87 5
104 0.000722876 0.000591444 0.00131432 0.54185 0.142385 0.684235 6276.48 5
105 0.00126425 0.00058853 0.00185278 0.344813 0.0803453 0.425159 6235.41 5
107 0.000628631 0.000368508 0.000997139 0.385784 0.135524 0.521308 6198.45 5
108 0.000580933 0.000451836 0.00103277 0.289068 0.347355 0.636422 6173.4 5
109 0.000833743 0.000705475 0.00153922 0.35278 0.251256 0.604036 6142.18 5
110 0.00102063 0.000574102 0.00159473 0.575803 0.171252 0.747055 6104.59 5
112 0.00078282 0.000634719 0.00141754 0.499545 0.227568 0.727113 6064.37 5
113 0.000588544 0.000630583 0.00121913 0.146779 0.373179 0.519958 6034.79 5
114 0.000898961 0.0006899 0.00158886 0.129053 0.292016 0.421069 5997.92 5
116 0.000810642 0.000561214 0.00137186 0.0350031 0.170713 0.205716 5964.02 5
117 0.000889275 0.000496339 0.00138561 0.0368325 0.138375 0.175208 5925.4 5
118 0.000884573 0.00055543 0.00144 0.301537 0.3103 0.611837 5888.59 5
120 0.000695211 0.000572527 0.00126774 0.396618 0.303991 0.700609 5856.9 5
121 0.000955829 0.000406736 0.00136256 0.366123 0.134996 0.501119 5820.99 5
123 0.000829758 0.000526188 0.00135595 0.321278 0.205618 0.526896 5782.69 5
124 0.000805396 0.000664452 0.00146985 0.41639 0.133172 0.549562 5745.67 5
125 0.000840908 0.000480519 0.00132143 0.465563 0.374825 0.840388 5711.99 5
127 0.000776908 0.000577701 0.00135461 0.173529 0.124983 0.298512 5675.24 5
128 0.000633626 0.000376215 0.00100984 0.00617785 0.160802 0.16698 5644.32 5
130 0.000846707 0.00045289 0.0012996 0.23629 0.0239244 0.260215 5611.16 5
131 0.000842344 0.000450556 0.0012929 0.15317 0.155501 0.30867 5575.7 5
133 0.00077953 0.000487206 0.00126674 0.427182 0.232612 0.659794 5540.3 5
134 0.000697783 0.00054272 0.0012405 0.39448 0.251919 0.646399 5506.55 5
136 0.000751749 0.000443339 0.00119509 0.253012 0.0994429 0.352455 5473.76 5
138 0.000671051 0.000402631 0.00107368 0.26171 0.172748 0.434458 5439.95 5
139 0.000705622 0.00043863 0.00114425 0.092036 0.177264 0.2693 5406.36 5
141 0.000549326 0.000435672 0.000984998 0.25144 0.111021 0.36246 5380.88 5
142 0.000602364 0.000451773 0.00105414 0.308655 0.153716 0.462371 5352.56 5
144 0.000580503 0.000393244 0.000973746 0.108573 0.208194 0.316767 5319.22 5
146 0.000613828 0.000539424 0.00115325 0.28517 0.183311 0.468481 5293.69 5
147 0.000554959 0.000462466 0.00101743 0.693311 0.358263 1.05157 5262.21 5
149 0.000791387 0.000496917 0.0012883 0.41176 0.0382074 0.449968 5228.76 5
151 0.000640803 0.000421099 0.0010619 0.152987 0.0243139 0.177301 5195.87 5
153 0.000783057 0.000236738 0.00101979 0.317357 0.0997214 0.417078 5164.17 5
154 0.00057971 0.00048913 0.00106884 0.243822 0.169674 0.413496 5131.53 5
156 0.000540229 0.000540229 0.00108046 0.205503 0.134229 0.339732 5103.09 5
158 0.000537047 0.000358032 0.000895079 0.0790355 0.134351 0.213387 5074.93 5
160 0.000605187 0.00046279 0.00106798 0.0483259 0.0672291 0.115555 5045.44 5
162 0.000495628 0.000424824 0.000920452 0.0614402 0.152335 0.213775 5015.73 5
164 0.000545266 0.000474909 0.00102017 0.0882275 0.0551598 0.143387 4989.81 5
165 0.000664929 0.000402457 0.00106739 0.16275 0.0668953 0.229645 4958.43 5
167 0.000574673 0.000278629 0.000853302 0.172071 0 0.172071 4925 5
169 0.000501878 0.000432653 0.000934531 0.274302 0.141287 0.415589 4898.65 5
171 0.000636778 0.000309784 0.000946562 0.199759 0.0408915 0.240651 4869.74 5
173 0.000410769 0.000530577 0.000941346 0.246513 0.0207096 0.267222 4840.61 5
175 0.000459145 0.000357112 0.000816257 0.164918 0.310994 0.475912 4816.3 5
177 0.0005241 0.000405755 0.000929855 0.269624 0.0450726 0.314697 4788.85 5
179 0.00045356 0.000335971 0.000789531 0.110081 0.116061 0.226142 4764.23 5
181 0.00041753 0.000350725 0.000768254 0.267252 0.0615606 0.328813 4737.28 5
184 0.000647625 0.000381933 0.00102956 0.0925606 0 0.0925606 4709.69 5
186 0.00042927 0.000330207 0.000759477 0.201278 0.138588 0.339866 4682.45 5
188 0.000492522 0.000295513 0.000788035 0 0.0277947 0.0277947 4655.04 5
190 0.000375173 0.000375173 0.000750347 0.0541555 0.0079602 0.0621157 4631.58 5
192 0.000567776 0.000437999 0.00100578 0.00952242 0.0133995 0.0229219 4603.98 5
194 0.000548945 0.000322909 0.000871854 0.144276 0 0.144276 4572.75 5
197 0.000449611 0.000337209 0.00078682 0.0925557 0.0945147 0.18707 4545.11 5
199 0.000687175 0.000351578 0.00103875 0.124906 0.0833879 0.208294 4514.35 5
201 0.000461064 0.000302076 0.00076314 0.149925 0.0958695 0.245795 4485.81 5
204 0.000458745 0.00039547 0.000854214 0.155657 0.0715642 0.227221 4457.07 5
206 0.000503548 0.000330454 0.000834002 0.337346 0 0.337346 4429.02 5
208 0.000422357 0.000250285 0.000672642 0.314093 0.0913698 0.405462 4404.39 5
211 0.000591596 0.000342503 0.000934099 0.364704 0.112699 0.477403 4375.06 5
213 0.000449278 0.000356324 0.000805602 0.0319607 0 0.0319607 4346.2 5
216 0.000585814 0.000262075 0.000847889 0 0.0344859 0.0344859 4317.69 5
218 0.000367991 0.00026066 0.000628651 0.0067465 0.0134777 0.0202242 4291.42 5
221 0.000381039 0.000396281 0.000777321 0.0583752 0.0471727 0.105548 4267.56 5
223 0.000317994 0.000227139 0.000545132 0.0400824 0.0809219 0.121004 4246.47 5
226 0.000300689 0.000240551 0.000541239 0.196921 0.155757 0.352678 4228.05 5
229 0.000238767 0.000208921 0.000447688 0.169927 0.0526779 0.222605 4211.05 5
231 0.000281306 0.00023689 0.000518196 0.0599923 0 0.0599923 4195.68 5
234 0.000294299 0.000323729 0.000618029 0.0619206 0 0.0619206 4173.4 5
237 0.000556345 0.000248891 0.000805235 0.0830417 0.002811 0.0858527 4146.44 5
239 0.000437248 0.000291498 0.000728746 0.0277944 0 0.0277944 4117.61 5
242 0.000289532 0.000275055 0.000564587 0.0437628 0.0959943 0.139757 4097.84 5
245 0.000359728 0.000201448 0.000561175 0.0272098 0.126595 0.153805 4075.79 5
248 0.000400704 0.000257595 0.0006583 0.0613077 0 0.0613077 4050.9 5
251 0.000370049 0.000298886 0.000668934 0.222186 0 0.222186 4026.51 5
254 0.000509749 0.000254874 0.000764623 0.0680232 0 0.0680232 4001.15 5
257 0.000479272 0.00022554 0.000704811 0.135535 0 0.135535 3973.09 5
260 0.00039306 0.000266719 0.000659779 0.0501993 0 0.0501993 3943.98 5
263 0.00023695 0.000153321 0.000390271 0.022357 0.0131577 0.0355147 3926.42 5
266 0.000276805 0.000166083 0.000442888 0.00865016 0 0.00865016 3909.04 5
269 0.00017851 0.000164779 0.000343289 0.00871953 0 0.00871953 3894.71 5
272 0.000313693 0.000286416 0.000600109 0.0937534 0 0.0937534 3876.33 5
275 0.00046163 0.000244393 0.000706023 0.0449954 0 0.0449954 3849.31 5
278 0.000256452 0.000269949 0.000526401 0.0172228 0.0031989 0.0204217 3827.57 5
281 0.00025491 0.000228078 0.000482988 0.0614602 0.00186487 0.0633251 3806.72 5
285 0.000386548 0.000213268 0.000599816 0.0218066 0.0819882 0.103795 3787.7 5
288 0.000251789 0.000304797 0.000556586 0.00231911 0 0.00231911 3766.12 5
291 0.000237092 0.000263435 0.000500527 0.047853 0.0191386 0.0669916 3745.7 5
295 0.000314346 0.000222662 0.000537008 0.0732819 0 0.0732819 3723.87 5
298 0.000312472 0.000156236 0.000468707 0.115445 0.0128895 0.128335 3703.16 5
301 0.0003497 0.000246085 0.000595785 0.032276 0.00518074 0.0374568 3680.03 5
305 0.000335008 0.000219044 0.000554052 0 0.079951 0.079951 3656.74 5
309 0.000256177 0.000230559 0.000486736 0.0765841 0.00374019 0.0803243 3636.38 5
312 0.000267308 0.000229121 0.00049643 0.0266544 0.0495157 0.0761701 3617.27 5
316 0.000227606 0.000113803 0.000341409 0 0.0197385 0.0197385 3599.77 5
319 0.000389741 0.000251446 0.000641187 0.00421172 0.0495097 0.0537214 3579.04 5
323 0.00030027 0.000225203 0.000525473 0.0856146 0.0581648 0.143779 3555.38 5
327 0.000448604 0.000186918 0.000635522 0.0561627 0.00424927 0.060412 3528.78 5
331 0.000273014 0.000223375 0.000496389 0.00481497 0.0666154 0.0714303 3502.93 5
334 0.000271384 0.000160363 0.000431747 0 0.0166161 0.0166161 3483.59 5
338 0.00039285 0.000171872 0.000564722 0.00195197 0.0355161 0.0374681 3460.48 5
342 0.000280769 0.000146488 0.000427257 0.0916648 0.0680681 0.159733 3440.34 5
346 0.000267126 0.000194274 0.0004614 0.0174361 0 0.0174361 3419.14 5
350 0.000289876 0.000253642 0.000543518 0 0.0733386 0.0733386 3398.12 5
354 0.00026442 0.000192305 0.000456725 0.00344948 0 0.00344948 3375.78 5
358 0.000274903 0.000191237 0.000466139 0.0519446 0 0.0519446 3355.69 5
363 0.000285252 0.000166397 0.00045165 0.0339807 0 0.0339807 3335.9 5
367 0.000212633 0.000177194 0.000389827 0.0494607 0 0.0494607 3318.04 5
371 0.000234838 0.000223096 0.000457935 0.109282 0.0252803 0.134562 3299.87 5
375 0.000256844 0.000163446 0.000420291 0.000618761 0.0971339 0.0977526 3280.75 5
380 3.47762e-05 0.000139105 0.000173881 0.00390652 0.118401 0.122308 3266.38 5
384 0.000241624 0.0001956 0.000437224 0.00856038 0.0203769 0.0289373 3253.04 5
389 0.000320634 0.000103061 0.000423695 0 0 1 3231.32 5
393 0.00029609 0.00018221 0.0004783 0.0322397 0.00285841 0.0350981 3212.03 5
398 0.000249419 0.000102035 0.000351454 0 0.0217448 0.0217448 3189.45 5
402 0.000191508 0.000191508 0.000383017 0.0425036 0.0119524 0.0544559 3173.04 5
407 0.000156673 0.000167864 0.000324537 0.00121981 0 0.00121981 3157.64 5
412 0.000311378 0.000133448 0.000444825 0.0216852 0.00574936 0.0274346 3141.09 5
416 0.000143853 0.00017705 0.000320903 0.122087 0 0.122087 3120.68 5
421 0.000164839 0.000186817 0.000351656 0 0.00238467 0.00238467 3106.29 5
426 0.000240503 0.000240503 0.000481006 0 0 1 3086.89 5
431 0.000239279 0.000174021 0.0004133 0.0962009 0.0176522 0.113853 3067.34 5
436 0.000205699 0.00025983 0.000465529 0.121601 0.0961264 0.217727 3046.21 5
441 0.00025854 6.4635e-05 0.000323175 0.0790701 0 0.0790701 3026.29 5
446 0.00026787 7.50035e-05 0.000342873 0.0163936 0 0.0163936 3007.81 5
451 0.000234464 0.000138547 0.000373011 0.0189916 0 0.0189916 2989.28 5
457 0.000190985 0.000127324 0.000318309 0.0119366 0 0.0119366 2968.5 5
462 0.000136885 0.000136885 0.000273771 0.0398968 0 0.0398968 2956.87 5
467 0.000240802 0.000146575 0.000387378 0.0105011 0 0.0105011 2939.72 5
473 0.000302143 0.000145862 0.000448005 0 0 1 2920.22 5
478 0.000186714 8.29841e-05 0.000269698 0 0 1 2899.64 5
484 0.000175269 0.000113409 0.000288678 0 0 1 2883.97 5
489 9.20848e-05 0.000112548 0.000204633 0 0.0205451 0.0205451 2872.87 5
495 0.000193054 0.000121929 0.000314983 0 0.0268244 0.0268244 2859.78 5
501 0.000141411 0.00013131 0.000272722 0 0 1 2843.88 5
506 0.000240974 9.03651e-05 0.000331339 0 0 1 2828.15 5
512 0.000159741 0.000119806 0.000279547 0.0373695 0 0.0373695 2811.67 5
518 0.000168693 0.000109154 0.000277847 0.00491193 0.0224163 0.0273282 2796.48 5
524 0.000177622 0.000118414 0.000296036 0.0408727 0 0.0408727 2780.06 5
530 0.00012752 0.00012752 0.000255039 0 0 1 2764.66 5
537 0.000224158 0.000136444 0.000360603 0.0161297 0 0.0161297 2750.7 5
543 0.000174649 0.000155243 0.000329892 0 0.0184351 0.0184351 2731.36 5
549 0.000164029 0.000115785 0.000279815 0 0.00488228 0.00488228 2715.27 5
555 0.000143932 0.0002111 0.000355032 0.0242669 0 0.0242669 2699.1 5
562 0.000181239 0.000104928 0.000286167 0.00351031 0 0.00351031 2684.03 5
568 0.000142431 0.00010445 0.000246881 0 0 1 2665.53 5
575 0.000150793 5.65472e-05 0.00020734 0.0208754 0.0085669 0.0294423 2654.75 5
582 0.000159228 9.36637e-05 0.000252892 0.010022 0.00567602 0.015698 2640.67 5
588 0.000195731 0.000149129 0.00034486 0.010905 0.00115575 0.0120608 2623.24 5
595 0.000167053 0.000111369 0.000278422 0.0226543 0.0201578 0.0428121 2604.49 5
602 0.000138337 9.22245e-05 0.000230561 0 0 1 2590.94 5
609 0.000119047 0.000100732 0.000219778 0.0796879 0 0.0796879 2579.5 5
616 0.000173174 0.000154945 0.00032812 0 0 1 2562.08 5
623 0.000181604 0.000136203 0.000317806 0.00175247 0 0.00175247 2542.15 5
630 0.000235126 0.00010852 0.000343646 0 0.0230243 0.0230243 2523.41 5
638 0.000107984 0.000143978 0.000251962 0 0.0237564 0.0237564 2506.99 5
645 0.000152116 0.00013422 0.000286336 0 0.00581619 0.00581619 2492.44 5
653 0.000151445 9.79938e-05 0.000249439 0 0.000409792 0.000409792 2474.98 5
660 7.96002e-05 0.000114978 0.000194578 0 0 1 2464.4 5
668 0.000140605 9.66659e-05 0.000237271 0.00995659 0.0408282 0.0507848 2451.71 5
676 0.00013991 0.000148655 0.000288565 0.0185731 0 0.0185731 2435.58 5
683 0.00014774 5.21435e-05 0.000199884 0 0 1 2422.45 5
691 0.000121016 0.000121016 0.000242032 0.00291303 0 0.00291303 2407.77 5
699 0.000163421 8.60111e-05 0.000249432 0 0 1 2392.12 5
707 0.000162649 5.99233e-05 0.000222572 0.0090313 0 0.0090313 2375.87 5
716 0.000153211 0.000102141 0.000255352 0.015219 0 0.015219 2362.11 5
724 0.000118468 0.000101544 0.000220013 0.00630421 0 0.00630421 2348.93 5
732 0.000151566 8.42034e-05 0.00023577 0 0 1 2333.62 5
741 0.000125711 9.21883e-05 0.0002179 0 0.0198037 0.0198037 2317.84 5
749 0.000108313 8.33181e-05 0.000191632 0 0 1 2304.89 5
758 0.000115933 9.93715e-05 0.000215305 0 0 1 2292.6 5
767 0.000173136 9.06902e-05 0.000263826 0 0 1 2276.42 5
776 9.01772e-05 0.000106573 0.00019675 0 0 1 2262.93 5
785 0.000130358 4.88842e-05 0.000179242 0.0556465 0.00783777 0.0634843 2250.71 5
794 9.71353e-05 4.85677e-05 0.000145703 0.029861 0 0.029861 2239.46 5
803 0.000112604 0.000104561 0.000217166 0.00557392 0.0137056 0.0192795 2227.81 5
812 0.000111993 7.19954e-05 0.000183988 0.00904742 0 0.00904742 2214.27 5
822 0.000119379 6.36689e-05 0.000183048 0 0 1 2200.1 5
831 0.000174139 6.33232e-05 0.000237462 0.0114932 0.0247119 0.036205 2186.72 5
841 0.000110341 9.45783e-05 0.00020492 0 0 1 2170.99 5
851 0.000101815 8.61515e-05 0.000187967 0 0.053179 0.053179 2159.64 5
860 0.000124681 7.79253e-05 0.000202606 0 0.032339 0.032339 2145.64 5
870 6.96988e-05 3.87216e-05 0.00010842 0 0.0228225 0.0228225 2134.35 5
881 8.45803e-05 8.45803e-05 0.000169161 0.00984207 0 0.00984207 2125.08 5
891 0.000122284 6.1142e-05 0.000183426 0 0 1 2113.44 5
901 7.59492e-05 6.07593e-05 0.000136709 0 0 1 2102.49 5
912 0.000113175 3.7725e-05 0.0001509 0 0 1 2092.22 5
922 0.000150193 7.50965e-05 0.000225289 0.0107088 0 0.0107088 2078.15 5
933 5.22661e-05 7.46659e-05 0.000126932 0 0 1 2066.29 5
944 8.15818e-05 6.67487e-05 0.000148331 0.0036786 0 0.0036786 2056.41 5
954 5.15612e-05 4.41953e-05 9.57565e-05 0 0 1 2046.83 5
966 0.000102391 7.31363e-05 0.000175527 0 0 1 2037.79 5
977 9.45427e-05 7.27252e-05 0.000167268 0 0.0071707 0.0071707 2025.87 5
988 0.000108613 7.24087e-05 0.000181022 0.0145686 0 0.0145686 2011.44 5
1000 0 0 1 0.166667 0 0.166667 2005.17 5
