1 0 0.335689 0.332887 0.335689 0 0.330124 0.332887 0.330124 0 0.9987 23
2 0 0.103117 0.102878 0.103117 0 0.105147 0.102878 0.105147 0 0.311142 23
3 0 0.0566763 0.0573335 0.0566763 0 0.0535922 0.0573335 0.0535922 0 0.167602 23
4 0 0.035882 0.0365303 0.035882 0 0.0378493 0.0365303 0.0378493 0 0.110262 23
5 0 0.0273886 0.0271856 0.0273886 0 0.0263938 0.0271856 0.0263938 0 0.080968 23
6 0 0.0222953 0.0215104 0.0222953 0 0.0223888 0.0215104 0.0223888 0 0.0661945 23
7 0 0.018826 0.0191733 0.018826 0 0.0166725 0.0191733 0.0166725 0 0.0546718 23
8 0 0.0154367 0.015715 0.0154367 0 0.0166809 0.015715 0.0166809 0 0.0478326 23
9 0 0.0132492 0.0135902 0.0132492 0 0.0145044 0.0135902 0.0145044 0 0.0413438 23
10 0 0.0121737 0.0121885 0.0121737 0 0.0117015 0.0121885 0.0117015 0 0.0360637 23
11 0 0.011257 0.0101608 0.011257 0 0.0109618 0.0101608 0.0109618 0 0.0323796 23
12 0 0.009628 0.010534 0.009628 0 0.00996606 0.010534 0.00996606 0 0.0301281 23
13 0 0.0097899 0.00876281 0.0097899 0 0.00838577 0.00876281 0.00838577 0 0.0269385 23
14 0 0.0088964 0.00900901 0.0088964 0 0.00907157 0.00900901 0.00907157 0 0.026977 23
15 0 0.00714061 0.00836299 0.00714061 0 0.00749159 0.00836299 0.00749159 0 0.0229952 23
16 0 0.00695728 0.0079579 0.00695728 0 0.00792259 0.0079579 0.00792259 0 0.0228378 23
17 0 0.00660818 0.00639171 0.00660818 0 0.00680187 0.00639171 0.00680187 0 0.0198018 23
18 0 0.00643703 0.00594955 0.00643703 0 0.00664754 0.00594955 0.00664754 0 0.0190341 23
19 0 0.00619678 0.00593678 0.00619678 0 0.00652179 0.00593678 0.00652179 0 0.0186553 23
20 0 0.00594837 0.0059589 0.00594837 0 0.00611682 0.0059589 0.00611682 0 0.0180241 23
21 0 0.00514594 0.00527973 0.00514594 0 0.00550615 0.00527973 0.00550615 0 0.0159318 23
22 0 0.00526887 0.00465551 0.00526887 0 0.00491694 0.00465551 0.00491694 0 0.0148413 23
23 0 0.00527852 0.00521955 0.00527852 0 0.00524903 0.00521955 0.00524903 0 0.0157471 23
24 0 0.0051646 0.0051646 0.0051646 0 0.00475105 0.0051646 0.00475105 0 0.0150803 23
25 0 0.00430386 0.0045025 0.00430386 0 0.00430386 0.0045025 0.00430386 0 0.0131102 23
26 0 0.00509711 0.00483667 0.00509711 0 0.00452043 0.00483667 0.00452043 0 0.0144542 23
27 0 0.00436721 0.00451278 0.00436721 0 0.00449459 0.00451278 0.00449459 0 0.0133746 23
28 0 0.00413319 0.00431212 0.00413319 0 0.00397216 0.00431212 0.00397216 0 0.0124175 23
29 0 0.00391522 0.00423196 0.00391522 0 0.00376565 0.00423196 0.00376565 0 0.0119128 23
30 0 0.00383397 0.00409361 0.00383397 0 0.00365223 0.00409361 0.00365223 0 0.0115798 23
31 0 0.00360808 0.00342087 0.00360808 0 0.00354 0.00342087 0.00354 0 0.010569 23
32 0 0.00360727 0.00343151 0.00360727 0 0.00357379 0.00343151 0.00357379 0 0.0106126 23
33 0 0.00366603 0.00350053 0.00366603 0 0.00345915 0.00350053 0.00345915 0 0.0106257 23
34 0 0.0030924 0.00314122 0.0030924 0 0.00348302 0.00314122 0.00348302 0 0.00971664 23
35 0 0.00318546 0.00301653 0.00318546 0 0.00290391 0.00301653 0.00290391 0 0.0091059 23
36 0 0.00313871 0.00326521 0.00313871 0 0.00322568 0.00326521 0.00322568 0 0.0096296 23
37 0 0.0029072 0.00339955 0.0029072 0 0.00322762 0.00339955 0.00322762 0 0.00953438 23
38 0 0.00311416 0.00289006 0.00311416 0 0.00274324 0.00289006 0.00274324 0 0.00874746 23
39 0 0.00284736 0.00283217 0.00284736 0 0.00279421 0.00283217 0.00279421 0 0.00847374 23
40 0 0.00253689 0.00290466 0.00253689 0 0.00285963 0.00290466 0.00285963 0 0.00830118 23
41 0 0.00274554 0.00289395 0.00274554 0 0.00250809 0.00289395 0.00250809 0 0.00814758 23
42 0 0.00265571 0.00280244 0.00265571 0 0.00242095 0.00280244 0.00242095 0 0.0078791 23
43 0 0.0025594 0.00305968 0.0025594 0 0.00242889 0.00305968 0.00242889 0 0.00804797 23
44 0 0.00270538 0.00261209 0.00270538 0 0.00283455 0.00261209 0.00283455 0 0.00815202 23
45 0 0.00234822 0.00223471 0.00234822 0 0.00217086 0.00223471 0.00217086 0 0.00675378 23
46 0 0.00253221 0.0023779 0.00253221 0 0.00269355 0.0023779 0.00269355 0 0.00760366 23
47 0 0.00228842 0.00241325 0.00228842 0 0.00248259 0.00241325 0.00248259 0 0.00718427 23
48 0 0.00221392 0.00212482 0.00221392 0 0.0021728 0.00212482 0.0021728 0 0.00651153 23
49 0 0.00223694 0.00267077 0.00223694 0 0.00249453 0.00267077 0.00249453 0 0.00740224 23
50 0 0.00236029 0.00242772 0.00236029 0 0.0023468 0.00242772 0.0023468 0 0.00713481 23
51 0 0.00193317 0.00241979 0.00193317 0 0.00232647 0.00241979 0.00232647 0 0.00667942 23
52 0 0.00241864 0.00205618 0.00241864 0 0.00215503 0.00205618 0.00215503 0 0.00662985 23
53 0 0.00226092 0.00216262 0.00226092 0 0.00218228 0.00216262 0.00218228 0 0.00660581 23
54 0 0.00211238 0.00198279 0.00211238 0 0.00207351 0.00198279 0.00207351 0 0.00616868 23
55 0 0.00208958 0.00208958 0.00208958 0 0.0020383 0.00208958 0.0020383 0 0.00621747 23
56 0 0.0020209 0.00207827 0.0020209 0 0.00198265 0.00207827 0.00198265 0 0.00608182 23
57 0 0.00198579 0.00192275 0.00198579 0 0.0018408 0.00192275 0.0018408 0 0.00574934 23
58 0 0.0019994 0.00205581 0.0019994 0 0.00191165 0.00205581 0.00191165 0 0.00596686 23
59 0 0.00160455 0.0017966 0.00160455 0 0.00175323 0.0017966 0.00175323 0 0.00515438 23
60 0 0.00166921 0.00195255 0.00166921 0 0.00183552 0.00195255 0.00183552 0 0.00545728 23
61 0 0.00165626 0.00178414 0.00165626 0 0.00173542 0.00178414 0.00173542 0 0.00517583 23
62 0 0.00188302 0.00167716 0.00188302 0 0.00202228 0.00167716 0.00202228 0 0.00558247 23
63 0 0.00179371 0.0017576 0.00179371 0 0.00158906 0.0017576 0.00158906 0 0.00514037 23
64 0 0.0016719 0.00184445 0.0016719 0 0.00146961 0.00184445 0.00146961 0 0.00498596 23
65 0 0.00154997 0.00172153 0.00154997 0 0.00179252 0.00172153 0.00179252 0 0.00506401 23
66 0 0.00165247 0.00161131 0.00165247 0 0.00159367 0.00161131 0.00159367 0 0.00485745 23
67 0 0.00172784 0.00185583 0.00172784 0 0.00172202 0.00185583 0.00172202 0 0.00530569 23
68 0 0.00182267 0.0016838 0.00182267 0 0.00174745 0.0016838 0.00174745 0 0.00525393 23
69 0 0.00159922 0.00179481 0.00159922 0 0.00154169 0.00179481 0.00154169 0 0.00493571 23
70 0 0.00162699 0.00139944 0.00162699 0 0.00166112 0.00139944 0.00166112 0 0.00468754 23
71 0 0.0014419 0.00153803 0.0014419 0 0.00134012 0.00153803 0.00134012 0 0.00432005 23
72 0 0.00151197 0.00161877 0.00151197 0 0.00159067 0.00161877 0.00159067 0 0.00472141 23
73 0 0.00157035 0.00136917 0.00157035 0 0.00160947 0.00136917 0.00160947 0 0.00454899 23
74 0 0.00143331 0.00149442 0.00143331 0 0.00144998 0.00149442 0.00144998 0 0.0043777 23
75 0 0.00172517 0.00148343 0.00172517 0 0.00147244 0.00148343 0.00147244 0 0.00468104 23
76 0 0.00151894 0.00135503 0.00151894 0 0.00127853 0.00135503 0.00127853 0 0.00415251 23
77 0 0.00145592 0.00141789 0.00145592 0 0.00139616 0.00141789 0.00139616 0 0.00426998 23
78 0 0.00147465 0.00153407 0.00147465 0 0.00150706 0.00153407 0.00150706 0 0.00451577 23
79 0 0.00142893 0.00140744 0.00142893 0 0.00143968 0.00140744 0.00143968 0 0.00427605 23
80 0 0.00134594 0.0014581 0.00134594 0 0.00139401 0.0014581 0.00139401 0 0.00419805 23
81 0 0.00131161 0.00143906 0.00131161 0 0.00126382 0.00143906 0.00126382 0 0.00401449 23
82 0 0.00134639 0.00143086 0.00134639 0 0.00126719 0.00143086 0.00126719 0 0.00404444 23
83 0 0.00150161 0.00140185 0.00150161 0 0.00140185 0.00140185 0.00140185 0 0.00430532 23
84 0 0.0013367 0.0013106 0.0013367 0 0.00119572 0.0013106 0.00119572 0 0.00384302 23
85 0 0.00121437 0.00140119 0.00121437 0 0.00135968 0.00140119 0.00135968 0 0.00397524 23
86 0 0.00107784 0.00119646 0.00107784 0 0.0011913 0.00119646 0.0011913 0 0.0034656 23
87 0 0.0012045 0.00115837 0.0012045 0 0.0012045 0.00115837 0.0012045 0 0.00356736 23
88 0 0.00115606 0.00119681 0.00115606 0 0.00106949 0.00119681 0.00106949 0 0.00342236 23
89 0 0.0012197 0.00111342 0.0012197 0 0.00118934 0.00111342 0.00118934 0 0.00352246 23
90 0 0.0010765 0.00122741 0.0010765 0 0.00127771 0.00122741 0.00127771 0 0.00358162 23
91 0 0.00135046 0.00110538 0.00135046 0 0.00131545 0.00110538 0.00131545 0 0.00377128 23
92 0 0.00123856 0.0011739 0.00123856 0 0.0012684 0.0011739 0.0012684 0 0.00368086 23
93 0 0.00119673 0.00114233 0.00119673 0 0.00116211 0.00114233 0.00116211 0 0.00350117 23
94 0 0.00119964 0.00112589 0.00119964 0 0.00123406 0.00112589 0.00123406 0 0.00355959 23
95 0 0.00121693 0.00102144 0.00121693 0 0.00112407 0.00102144 0.00112407 0 0.00336245 23
96 0 0.00115632 0.0011126 0.00115632 0 0.00107373 0.0011126 0.00107373 0 0.00334265 23
97 0 0.00114515 0.001092 0.00114515 0 0.00111616 0.001092 0.00111616 0 0.0033533 23
98 0 0.00116257 0.00127786 0.00116257 0 0.00115296 0.00127786 0.00115296 0 0.00359339 23
100 0 0.00108399 0.000969386 0.00108399 0 0.000983711 0.000969386 0.000983711 0 0.00303709 23
101 0 0.00112015 0.00094928 0.00112015 0 0.00125305 0.00094928 0.00125305 0 0.00332248 23
102 0 0.000962609 0.00100508 0.000962609 0 0.00118439 0.00100508 0.00118439 0 0.00315207 23
103 0 0.00104618 0.00108371 0.00104618 0 0.000975807 0.00108371 0.000975807 0 0.00310569 23
104 0 0.00108211 0.00106346 0.00108211 0 0.000988829 0.00106346 0.000988829 0 0.0031344 23
105 0 0.00114513 0.00101532 0.00114513 0 0.000982865 0.00101532 0.000982865 0 0.00314331 23
107 0 0.00101413 0.000935764 0.00101413 0 0.000935764 0.000935764 0.000935764 0 0.00288566 23
108 0 0.00116406 0.00101282 0.00116406 0 0.00115031 0.00101282 0.00115031 0 0.00332719 23
109 0 0.00111656 0.00105276 0.00111656 0 0.00108466 0.00105276 0.00108466 0 0.00325399 23
110 0 0.000974385 0.000969853 0.000974385 0 0.00101064 0.000969853 0.00101064 0 0.00295488 23
112 0 0.000932617 0.00106778 0.000932617 0 0.000874047 0.00106778 0.000874047 0 0.00287444 23
113 0 0.000846247 0.000935797 0.000846247 0 0.000940275 0.000935797 0.000940275 0 0.00272232 23
114 0 0.000894586 0.000979149 0.000894586 0 0.000974698 0.000979149 0.000974698 0 0.00284843 23
116 0 0.000889436 0.000854035 0.000889436 0 0.00107086 0.000854035 0.00107086 0 0.00281433 23
117 0 0.000950148 0.000879767 0.000950148 0 0.00106452 0.000879767 0.00106452 0 0.00289443 23
118 0 0.000896688 0.00104978 0.000896688 0 0.000844199 0.00104978 0.000844199 0 0.00279067 23
120 0 0.000939429 0.000952476 0.000939429 0 0.00098727 0.000952476 0.00098727 0 0.00287917 23
121 0 0.000955849 0.000925574 0.000955849 0 0.000852047 0.000925574 0.000852047 0 0.00273347 23
123 0 0.000903346 0.000942061 0.000903346 0 0.000916251 0.000942061 0.000916251 0 0.00276166 23
124 0 0.000855483 0.000975251 0.000855483 0 0.00100092 0.000975251 0.00100092 0 0.00283165 23
125 0 0.000885246 0.00111081 0.000885246 0 0.000915038 0.00111081 0.000915038 0 0.0029111 23
127 0 0.000910149 0.000931315 0.000910149 0 0.00104561 0.000931315 0.00104561 0 0.00288708 23
128 0 0.000926569 0.000749679 0.000926569 0 0.000867606 0.000749679 0.000867606 0 0.00254385 23
130 0 0.00072401 0.000816081 0.00072401 0 0.000753305 0.000816081 0.000753305 0 0.0022934 23
131 0 0.00087758 0.000840147 0.00087758 0 0.00077776 0.000840147 0.00077776 0 0.00249549 23
133 0 0.000847566 0.000678053 0.000847566 0 0.00089718 0.000678053 0.00089718 0 0.0024228 23
134 0 0.000698755 0.000838505 0.000698755 0 0.000871388 0.000838505 0.000871388 0 0.00240865 23
136 0 0.000796718 0.000813061 0.000796718 0 0.000849833 0.000813061 0.000849833 0 0.00245961 23
138 0 0.000710891 0.000771824 0.000710891 0 0.000840882 0.000771824 0.000840882 0 0.0023236 23
139 0 0.000751084 0.000726856 0.000751084 0 0.000791465 0.000726856 0.000791465 0 0.00226941 23
141 0 0.000843285 0.000871395 0.000843285 0 0.00083927 0.000871395 0.00083927 0 0.00255395 23
142 0 0.000750844 0.00069493 0.000750844 0 0.000822733 0.00069493 0.000822733 0 0.00226851 23
144 0 0.000770465 0.000738693 0.000770465 0 0.000849894 0.000738693 0.000849894 0 0.00235905 23
146 0 0.000797757 0.000770112 0.000797757 0 0.000730619 0.000770112 0.000730619 0 0.00229849 23
147 0 0.000742353 0.000844475 0.000742353 0 0.000769847 0.000844475 0.000769847 0 0.00235667 23
149 0 0.000655989 0.00082389 0.000655989 0 0.000566181 0.00082389 0.000566181 0 0.00204606 23
151 0 0.000943843 0.000877813 0.000943843 0 0.000873929 0.000877813 0.000873929 0 0.00269559 23
153 0 0.000718804 0.000734263 0.000718804 0 0.00075745 0.000734263 0.00075745 0 0.00221052 23
154 0 0.000707032 0.000760827 0.000707032 0 0.000730087 0.000760827 0.000730087 0 0.00219795 23
156 0 0.000703133 0.000764275 0.000703133 0 0.000710776 0.000764275 0.000710776 0 0.00217818 23
158 0 0.000630992 0.000794441 0.000630992 0 0.000817248 0.000794441 0.000817248 0 0.00224268 23
160 0 0.000657887 0.000828031 0.000657887 0 0.000744849 0.000828031 0.000744849 0 0.00223077 23
162 0 0.000616704 0.000654308 0.000616704 0 0.000706953 0.000654308 0.000706953 0 0.00197796 23
164 0 0.000665622 0.000661883 0.000665622 0 0.000714235 0.000661883 0.000714235 0 0.00204174 23
165 0 0.000654258 0.000654258 0.000654258 0 0.000624519 0.000654258 0.000624519 0 0.00193304 23
167 0 0.000672771 0.000646895 0.000672771 0 0.000765184 0.000646895 0.000765184 0 0.00208485 23
169 0 0.000499842 0.000606426 0.000499842 0 0.000694633 0.000606426 0.000694633 0 0.0018009 23
171 0 0.000650321 0.000690509 0.000650321 0 0.000602826 0.000690509 0.000602826 0 0.00194366 23
173 0 0.000599505 0.000813874 0.000599505 0 0.000621305 0.000813874 0.000621305 0 0.00203468 23
175 0 0.000614388 0.000654143 0.000614388 0 0.00062523 0.000654143 0.00062523 0 0.00189376 23
177 0 0.000607322 0.0006756 0.000607322 0 0.000672007 0.0006756 0.000672007 0 0.00195493 23
179 0 0.000625483 0.00065765 0.000625483 0 0.000596889 0.00065765 0.000596889 0 0.00188002 23
181 0 0.000678679 0.000554314 0.000678679 0 0.00063604 0.000554314 0.00063604 0 0.00186903 23
184 0 0.0006183 0.000565303 0.0006183 0 0.000582969 0.000565303 0.000582969 0 0.00176657 23
186 0 0.000541029 0.000579673 0.000541029 0 0.00066399 0.000579673 0.00066399 0 0.00178469 23
188 0 0.000534097 0.000499188 0.000534097 0 0.000488716 0.000499188 0.000488716 0 0.001522 23
190 0 0.000586362 0.000569014 0.000586362 0 0.000475335 0.000569014 0.000475335 0 0.00163071 23
192 0 0.000672864 0.000659062 0.000672864 0 0.000579698 0.000659062 0.000579698 0 0.00191162 23
194 0 0.00056609 0.000583244 0.00056609 0 0.000428856 0.000583244 0.000428856 0 0.00157819 23
197 0 0.000658218 0.000511568 0.000658218 0 0.000603651 0.000511568 0.000603651 0 0.00177344 23
199 0 0.000637602 0.000593512 0.000637602 0 0.000423937 0.000593512 0.000423937 0 0.00165505 23
201 0 0.000495523 0.000589909 0.000495523 0 0.000566312 0.000589909 0.000566312 0 0.00165174 23
204 0 0.000469177 0.000603227 0.000469177 0 0.000549607 0.000603227 0.000549607 0 0.00162201 23
206 0 0.000499975 0.000573305 0.000499975 0 0.000613303 0.000573305 0.000613303 0 0.00168658 23
208 0 0.000527001 0.000543574 0.000527001 0 0.000606549 0.000543574 0.000606549 0 0.00167712 23
211 0 0.000550772 0.000662905 0.000550772 0 0.000613434 0.000662905 0.000613434 0 0.00182711 23
213 0 0.000442921 0.000547909 0.000442921 0 0.000544628 0.000547909 0.000544628 0 0.00153546 23
216 0 0.000463186 0.000547995 0.000463186 0 0.000547995 0.000547995 0.000547995 0 0.00155918 23
218 0 0.000512413 0.00050917 0.000512413 0 0.000476739 0.00050917 0.000476739 0 0.00149832 23
221 0 0.000448004 0.000448004 0.000448004 0 0.000386766 0.000448004 0.000386766 0 0.00128277 23
223 0 0.000519048 0.00049662 0.000519048 0 0.000509436 0.00049662 0.000509436 0 0.0015251 23
226 0 0.000525635 0.000474664 0.000525635 0 0.00047785 0.000474664 0.00047785 0 0.00147815 23
229 0 0.000472039 0.000462535 0.000472039 0 0.000516391 0.000462535 0.000516391 0 0.00145096 23
231 0 0.000425159 0.000431458 0.000425159 0 0.000428309 0.000431458 0.000428309 0 0.00128493 23
234 0 0.000397374 0.000400503 0.000397374 0 0.000428664 0.000400503 0.000428664 0 0.00122654 23
237 0 0.000423021 0.000538108 0.000423021 0 0.000469678 0.000538108 0.000469678 0 0.00143081 23
239 0 0.000414432 0.000497937 0.000414432 0 0.000473195 0.000497937 0.000473195 0 0.00138556 23
242 0 0.000455001 0.000384291 0.000455001 0 0.000476521 0.000384291 0.000476521 0 0.00131581 23
245 0 0.000418798 0.000492164 0.000418798 0 0.00052579 0.000492164 0.00052579 0 0.00143675 23
248 0 0.000358578 0.000416315 0.000358578 0 0.000337306 0.000416315 0.000337306 0 0.0011122 23
251 0 0.000471016 0.000516306 0.000471016 0 0.000425726 0.000516306 0.000425726 0 0.00141305 23
254 0 0.000438694 0.000504799 0.000438694 0 0.000504799 0.000504799 0.000504799 0 0.00144829 23
257 0 0.000409407 0.000472163 0.000409407 0 0.000373547 0.000472163 0.000373547 0 0.00125512 23
260 0 0.000418906 0.000412964 0.000418906 0 0.00049318 0.000412964 0.00049318 0 0.00132505 23
263 0 0.0003958 0.000363309 0.0003958 0 0.000487365 0.000363309 0.000487365 0 0.00124647 23
266 0 0.000399305 0.000466834 0.000399305 0 0.000361136 0.000466834 0.000361136 0 0.00122727 23
269 0 0.000426331 0.000365009 0.000426331 0 0.000446771 0.000365009 0.000446771 0 0.00123811 23
272 0 0.000412064 0.000397554 0.000412064 0 0.000362732 0.000397554 0.000362732 0 0.00117235 23
275 0 0.000340386 0.000383656 0.000340386 0 0.000412502 0.000383656 0.000412502 0 0.00113654 23
278 0 0.000456004 0.000410117 0.000456004 0 0.000453136 0.000410117 0.000453136 0 0.00131926 23
281 0 0.000365042 0.000390709 0.000365042 0 0.000350782 0.000390709 0.000350782 0 0.00110653 23
285 0 0.000337274 0.00040813 0.000337274 0 0.000376953 0.00040813 0.000376953 0 0.00112236 23
288 0 0.000372014 0.000366378 0.000372014 0 0.000377651 0.000366378 0.000377651 0 0.00111604 23
291 0 0.000347388 0.000364197 0.000347388 0 0.000386609 0.000364197 0.000386609 0 0.00109819 23
295 0 0.000415036 0.000359326 0.000415036 0 0.000445676 0.000359326 0.000445676 0 0.00122004 23
298 0 0.000357149 0.000348843 0.000357149 0 0.000307314 0.000348843 0.000307314 0 0.00101331 23
301 0 0.000294501 0.000382575 0.000294501 0 0.000385328 0.000382575 0.000385328 0 0.0010624 23
305 0 0.000350349 0.000405091 0.000350349 0 0.000394143 0.000405091 0.000394143 0 0.00114958 23
309 0 0.000331931 0.000389067 0.000331931 0 0.000318328 0.000389067 0.000318328 0 0.00103933 23
312 0 0.000343701 0.000408653 0.000343701 0 0.000416772 0.000408653 0.000416772 0 0.00116913 23
316 0 0.000366086 0.000320326 0.000366086 0 0.000314942 0.000320326 0.000314942 0 0.00100135 23
319 0 0.000377332 0.000390713 0.000377332 0 0.00032381 0.000390713 0.00032381 0 0.00109185 23
323 0 0.000359281 0.000314039 0.000359281 0 0.000337991 0.000314039 0.000337991 0 0.00101131 23
327 0 0.000378295 0.000359777 0.000378295 0 0.000304223 0.000359777 0.000304223 0 0.00104229 23
331 0 0.000326201 0.000357769 0.000326201 0 0.000357769 0.000357769 0.000357769 0 0.00104174 23
334 0 0.000381881 0.0003348 0.000381881 0 0.000308644 0.0003348 0.000308644 0 0.00102532 23
338 0 0.000322633 0.000335642 0.000322633 0 0.000418902 0.000335642 0.000418902 0 0.00107718 23
342 0 0.000302924 0.000357295 0.000302924 0 0.000390953 0.000357295 0.000390953 0 0.00105117 23
346 0 0.0003838 0.000311677 0.0003838 0 0.000391528 0.000311677 0.000391528 0 0.001087 23
350 0 0.000330602 0.000312663 0.000330602 0 0.0003101 0.000312663 0.0003101 0 0.000953365 23
354 0 0.000303124 0.000292935 0.000303124 0 0.000280199 0.000292935 0.000280199 0 0.000876259 23
358 0 0.000318979 0.000273411 0.000318979 0 0.000263284 0.000273411 0.000263284 0 0.000855675 23
363 0 0.000294401 0.00030195 0.000294401 0 0.000304466 0.00030195 0.000304466 0 0.000900817 23
367 0 0.000277624 0.000275123 0.000277624 0 0.000342653 0.000275123 0.000342653 0 0.000895401 23
371 0 0.000311102 0.000370834 0.000311102 0 0.000363368 0.000370834 0.000363368 0 0.0010453 23
375 0 0.000282298 0.000321918 0.000282298 0 0.000356587 0.000321918 0.000356587 0 0.000960803 23
380 0 0.000325062 0.000288123 0.000325062 0 0.000258572 0.000288123 0.000258572 0 0.000871756 23
384 0 0.000291374 0.000252198 0.000291374 0 0.00026444 0.000252198 0.00026444 0 0.000808012 23
389 0 0.000253118 0.000316397 0.000253118 0 0.000267721 0.000316397 0.000267721 0 0.000837236 23
393 0 0.000232189 0.000275724 0.000232189 0 0.000290236 0.000275724 0.000290236 0 0.000798148 23
398 0 0.000302987 0.000288559 0.000302987 0 0.000298178 0.000288559 0.000298178 0 0.000889725 23
402 0 0.000275082 0.000332491 0.000275082 0 0.000287042 0.000332491 0.000287042 0 0.000894615 23
407 0 0.000261622 0.000313946 0.000261622 0 0.000237838 0.000313946 0.000237838 0 0.000813406 23
412 0 0.00029322 0.000260115 0.00029322 0 0.000279032 0.000260115 0.000279032 0 0.000832368 23
416 0 0.000272757 0.000237487 0.000272757 0 0.000218676 0.000237487 0.000218676 0 0.00072892 23
421 0 0.000238367 0.000224345 0.000238367 0 0.000280431 0.000224345 0.000280431 0 0.000743143 23
426 0 0.000297475 0.000302123 0.000297475 0 0.000250995 0.000302123 0.000250995 0 0.000850593 23
431 0 0.000277389 0.000275077 0.000277389 0 0.000265831 0.000275077 0.000265831 0 0.000818297 23
436 0 0.000229851 0.000243642 0.000229851 0 0.000275821 0.000243642 0.000275821 0 0.000749315 23
441 0 0.000260548 0.00029026 0.000260548 0 0.000322257 0.00029026 0.000322257 0 0.000873065 23
446 0 0.000277403 0.000270581 0.000277403 0 0.000243296 0.000270581 0.000243296 0 0.00079128 23
451 0 0.000183146 0.000257761 0.000183146 0 0.000228367 0.000257761 0.000228367 0 0.000669274 23
457 0 0.000217908 0.00022914 0.000217908 0 0.000208922 0.00022914 0.000208922 0 0.000655969 23
462 0 0.00021438 0.000261275 0.00021438 0 0.000270208 0.000261275 0.000270208 0 0.000745862 23
467 0 0.000228708 0.000219826 0.000228708 0 0.000213165 0.000219826 0.000213165 0 0.000661699 23
473 0 0.000282647 0.000240692 0.000282647 0 0.000258357 0.000240692 0.000258357 0 0.000781697 23
478 0 0.000226288 0.000252651 0.000226288 0 0.000285606 0.000252651 0.000285606 0 0.000764544 23
484 0 0.000216309 0.000233789 0.000216309 0 0.000262193 0.000233789 0.000262193 0 0.000712291 23
489 0 0.000234588 0.000197662 0.000234588 0 0.000202006 0.000197662 0.000202006 0 0.000634256 23
495 0 0.000233172 0.000224536 0.000233172 0 0.000181356 0.000224536 0.000181356 0 0.000639065 23
501 0 0.000201744 0.000229645 0.000201744 0 0.000212475 0.000229645 0.000212475 0 0.000643864 23
506 0 0.000204787 0.000209054 0.000204787 0 0.000209054 0.000209054 0.000209054 0 0.000622895 23
512 0 0.000224757 0.000199313 0.000224757 0 0.000199313 0.000199313 0.000199313 0 0.000623382 23
518 0 0.000246649 0.000227676 0.000246649 0 0.000221351 0.000227676 0.000221351 0 0.000695676 23
524 0 0.00024105 0.00019284 0.00024105 0 0.000182359 0.00019284 0.000182359 0 0.000616249 23
530 0 0.00022089 0.000166709 0.00022089 0 0.00018338 0.000166709 0.00018338 0 0.00057098 23
537 0 0.000221632 0.000217489 0.000221632 0 0.000211275 0.000217489 0.000211275 0 0.000650397 23
543 0 0.000177045 0.000148223 0.000177045 0 0.00016881 0.000148223 0.00016881 0 0.000494078 23
549 0 0.000184061 0.000192241 0.000184061 0 0.000179971 0.000192241 0.000179971 0 0.000556272 23
555 0 0.000197118 0.000178829 0.000197118 0 0.000188989 0.000178829 0.000188989 0 0.000564936 23
562 0 0.00019395 0.000214154 0.00019395 0 0.000185869 0.000214154 0.000185869 0 0.000593973 23
568 0 0.000208945 0.000162736 0.000208945 0 0.000227027 0.000162736 0.000227027 0 0.000598707 23
575 0 0.000191673 0.000163721 0.000191673 0 0.000155734 0.000163721 0.000155734 0 0.000511128 23
582 0 0.000156789 0.000180605 0.000156789 0 0.000210375 0.000180605 0.000210375 0 0.000547768 23
588 0 0.000221004 0.000183512 0.000221004 0 0.000167726 0.000183512 0.000167726 0 0.000572243 23
595 0 0.000186293 0.000164722 0.000186293 0 0.000150995 0.000164722 0.000150995 0 0.000502011 23
602 0 0.000185114 0.000138348 0.000185114 0 0.000171474 0.000138348 0.000171474 0 0.000494936 23
609 0 0.000185985 0.000184047 0.000185985 0 0.000199546 0.000184047 0.000199546 0 0.000569578 23
616 0 0.00018295 0.00018295 0.00018295 0 0.000154063 0.00018295 0.000154063 0 0.000519963 23
623 0 0.000199043 0.000170335 0.000199043 0 0.000158852 0.000170335 0.000158852 0 0.000528231 23
630 0 0.000239963 0.000226632 0.000239963 0 0.000226632 0.000226632 0.000226632 0 0.000693226 23
638 0 0.000140221 0.000164855 0.000140221 0 0.000172434 0.000164855 0.000172434 0 0.00047751 23
645 0 0.000182723 0.000158234 0.000182723 0 0.000160118 0.000158234 0.000160118 0 0.000501076 23
653 0 0.000217245 0.000172298 0.000217245 0 0.000172298 0.000172298 0.000172298 0 0.00056184 23
660 0 0.000184506 0.000173324 0.000184506 0 0.000190097 0.000173324 0.000190097 0 0.000547927 23
668 0 0.000176183 0.000200292 0.000176183 0 0.000213274 0.000200292 0.000213274 0 0.000589749 23
676 0 0.000145684 0.000165969 0.000145684 0 0.000149372 0.000165969 0.000149372 0 0.000461024 23
683 0 0.000176008 0.00015034 0.000176008 0 0.000176008 0.00015034 0.000176008 0 0.000502357 23
691 0 0.000127553 0.000134842 0.000127553 0 0.000149419 0.000134842 0.000149419 0 0.000411814 23
699 0 0.000144899 0.000139465 0.000144899 0 0.000197424 0.000139465 0.000197424 0 0.000481788 23
707 0 0.000160328 0.000172938 0.000160328 0 0.000181946 0.000172938 0.000181946 0 0.000515212 23
716 0 0.000161193 0.000157611 0.000161193 0 0.000171939 0.000157611 0.000171939 0 0.000490743 23
724 0 0.000171056 0.000185311 0.000171056 0 0.000181747 0.000185311 0.000181747 0 0.000538113 23
732 0 0.000161366 0.000166686 0.000161366 0 0.000175552 0.000166686 0.000175552 0 0.000503603 23
741 0 0.000137662 0.000118248 0.000137662 0 0.000192374 0.000118248 0.000192374 0 0.000448285 23
749 0 0.000135119 0.000143893 0.000135119 0 0.000163196 0.000143893 0.000163196 0 0.000442209 23
758 0 0.000146488 0.000104635 0.000146488 0 0.000104635 0.000104635 0.000104635 0 0.000355758 23
767 0 0.000126433 0.000116041 0.000126433 0 0.000135093 0.000116041 0.000135093 0 0.000377566 23
776 0 0.000132543 0.000127379 0.000132543 0 0.000108444 0.000127379 0.000108444 0 0.000368366 23
785 0 0.000106019 0.000138508 0.000106019 0 0.000114568 0.000138508 0.000114568 0 0.000359095 23
794 0 0.000120656 0.000118957 0.000120656 0 0.000168239 0.000118957 0.000168239 0 0.000407852 23
803 0 0.000131771 0.000138529 0.000131771 0 0.000111499 0.000138529 0.000111499 0 0.000381799 23
812 0 0.000107505 0.00014614 0.000107505 0 0.000139421 0.00014614 0.000139421 0 0.000393066 23
822 0 0.000150401 0.000148729 0.000150401 0 0.000155414 0.000148729 0.000155414 0 0.000454544 23
831 0 0.000137904 0.000112981 0.000137904 0 0.000157841 0.000112981 0.000157841 0 0.000408726 23
841 0 0.000135473 0.00014869 0.000135473 0 0.000115648 0.00014869 0.000115648 0 0.00039981 23
851 0 0.000106744 0.000144514 0.000106744 0 0.000136303 0.000144514 0.000136303 0 0.000387561 23
860 0 0.000145291 0.000111009 0.000145291 0 0.000122437 0.000111009 0.000122437 0 0.000378737 23
870 0 0.000129915 0.000139658 0.000129915 0 0.000142906 0.000139658 0.000142906 0 0.00041248 23
881 0 0.000124332 0.000119488 0.000124332 0 0.000121103 0.000119488 0.000121103 0 0.000364923 23
891 0 0.000122005 0.000128426 0.000122005 0 0.000138058 0.000128426 0.000138058 0 0.000388489 23
901 0 0.000137291 0.00010696 0.000137291 0 0.000100574 0.00010696 0.000100574 0 0.000344825 23
912 0 0.000107908 0.000104734 0.000107908 0 0.000117429 0.000104734 0.000117429 0 0.00033007 23
922 0 0.000121426 9.93482e-05 0.000121426 0 0.000116695 9.93482e-05 0.000116695 0 0.000337469 23
933 0 0.000108138 0.000128512 0.000108138 0 9.87345e-05 0.000128512 9.87345e-05 0 0.000335384 23
944 0 0.000123081 9.03629e-05 0.000123081 0 0.000113733 9.03629e-05 0.000113733 0 0.000327176 23
954 0 0.000134792 0.000119298 0.000134792 0 0.000136341 0.000119298 0.000136341 0 0.000390431 23
966 0 0.000113962 0.000113962 0.000113962 0 0.000101642 0.000113962 0.000101642 0 0.000329567 23
977 0 0.000113372 0.000137885 0.000113372 0 0.000116437 0.000137885 0.000116437 0 0.000367694 23
988 0 0.000132629 0.000108237 0.000132629 0 0.000155496 0.000108237 0.000155496 0 0.000396361 23
1000 0 0.000107699 0.000103148 0.000107699 0 0.000110732 0.000103148 0.000110732 0 0.000321579 23
1011 0 0.000111568 9.04609e-05 0.000111568 0 0.000114584 9.04609e-05 0.000114584 0 0.000316613 23
1023 0 0.000112403 0.000106408 0.000112403 0 0.000101912 0.000106408 0.000101912 0 0.000320723 23
1035 0 9.37825e-05 8.63395e-05 9.37825e-05 0 9.37825e-05 8.63395e-05 9.37825e-05 0 0.000273904 23
1047 0 9.61894e-05 0.000130226 9.61894e-05 0 0.000122826 0.000130226 0.000122826 0 0.000349242 23
1059 0 0.000120671 0.000105955 0.000120671 0 7.35797e-05 0.000105955 7.35797e-05 0 0.000300205 23
1071 0 9.07218e-05 0.000109744 9.07218e-05 0 0.000103891 0.000109744 0.000103891 0 0.000304357 23
1083 0 0.000113505 8.4401e-05 0.000113505 0 9.02217e-05 8.4401e-05 9.02217e-05 0 0.000288127 23
1096 0 0.000136058 0.000125926 0.000136058 0 0.000123031 0.000125926 0.000123031 0 0.000385016 23
1109 0 0.000118087 0.000119527 0.000118087 0 0.000116647 0.000119527 0.000116647 0 0.000354261 23
1122 0 9.30955e-05 9.0231e-05 9.30955e-05 0 0.000100257 9.0231e-05 0.000100257 0 0.000283583 23
1135 0 0.000114002 0.000102602 0.000114002 0 0.000111152 0.000102602 0.000111152 0 0.000327756 23
1148 0 9.06766e-05 0.000102011 9.06766e-05 0 9.91775e-05 0.000102011 9.91775e-05 0 0.000291865 23
1161 0 7.04548e-05 0.000109909 7.04548e-05 0 9.86367e-05 0.000109909 9.86367e-05 0 0.000279001 23
1174 0 9.38474e-05 0.000109255 9.38474e-05 0 8.54431e-05 0.000109255 8.54431e-05 0 0.000288546 23
1188 0 6.54349e-05 9.74563e-05 6.54349e-05 0 0.000101633 9.74563e-05 0.000101633 0 0.000264524 23
1202 0 9.6852e-05 8.57832e-05 9.6852e-05 0 8.57832e-05 8.57832e-05 8.57832e-05 0 0.000268418 23
1216 0 0.000100478 0.000112865 0.000100478 0 7.57023e-05 0.000112865 7.57023e-05 0 0.000289045 23
1230 0 0.000101313 9.03601e-05 0.000101313 0 0.000101313 9.03601e-05 0.000101313 0 0.000292986 23
1244 0 8.03229e-05 8.713e-05 8.03229e-05 0 0.000102105 8.713e-05 0.000102105 0 0.000269558 23
1258 0 7.85194e-05 9.88261e-05 7.85194e-05 0 9.07034e-05 9.88261e-05 9.07034e-05 0 0.000268049 23
1273 0 8.07789e-05 8.75105e-05 8.07789e-05 0 9.02031e-05 8.75105e-05 9.02031e-05 0 0.000258493 23
1288 0 7.62982e-05 5.75583e-05 7.62982e-05 0 9.90538e-05 5.75583e-05 9.90538e-05 0 0.00023291 23
1303 0 8.78372e-05 0.000103808 8.78372e-05 0 0.000103808 0.000103808 0.000103808 0 0.000295452 23
1318 0 8.2079e-05 8.86983e-05 8.2079e-05 0 8.34028e-05 8.86983e-05 8.34028e-05 0 0.00025418 23
1333 0 6.5794e-05 7.76369e-05 6.5794e-05 0 8.02686e-05 7.76369e-05 8.02686e-05 0 0.0002237 23
1348 0 8.23662e-05 7.71366e-05 8.23662e-05 0 6.79848e-05 7.71366e-05 6.79848e-05 0 0.000227488 23
1364 0 8.97297e-05 8.71289e-05 8.97297e-05 0 9.88327e-05 8.71289e-05 9.88327e-05 0 0.000275691 23
1380 0 8.27117e-05 6.9788e-05 8.27117e-05 0 5.9449e-05 6.9788e-05 5.9449e-05 0 0.000211949 23
1396 0 8.22588e-05 8.86853e-05 8.22588e-05 0 9.38265e-05 8.86853e-05 9.38265e-05 0 0.000264771 23
1412 0 7.41859e-05 9.08137e-05 7.41859e-05 0 9.84881e-05 9.08137e-05 9.84881e-05 0 0.000263488 23
1428 0 6.2336e-05 0.000104317 6.2336e-05 0 6.2336e-05 0.000104317 6.2336e-05 0 0.000228989 23
1445 0 7.71325e-05 6.82812e-05 7.71325e-05 0 6.95457e-05 6.82812e-05 6.95457e-05 0 0.000214959 23
1462 0 9.06066e-05 9.94156e-05 9.06066e-05 0 8.43145e-05 9.94156e-05 8.43145e-05 0 0.000274337 23
1479 0 8.38684e-05 8.76237e-05 8.38684e-05 0 4.38118e-05 8.76237e-05 4.38118e-05 0 0.000215304 23
1496 0 7.34034e-05 5.34974e-05 7.34034e-05 0 7.46476e-05 5.34974e-05 7.46476e-05 0 0.000201548 23
1513 0 9.40152e-05 7.29855e-05 9.40152e-05 0 8.53559e-05 7.29855e-05 8.53559e-05 0 0.000252357 23
1531 0 6.52262e-05 7.63023e-05 6.52262e-05 0 6.52262e-05 7.63023e-05 6.52262e-05 0 0.000206755 23
1548 0 7.22145e-05 0.000100366 7.22145e-05 0 6.97666e-05 0.000100366 6.97666e-05 0 0.000242347 23
1566 0 0.000103599 7.67854e-05 0.000103599 0 8.28795e-05 7.67854e-05 8.28795e-05 0 0.000263264 23
1584 0 8.48838e-05 7.03323e-05 8.48838e-05 0 8.00333e-05 7.03323e-05 8.00333e-05 0 0.000235249 23
1603 0 5.78891e-05 5.78891e-05 5.78891e-05 0 6.51253e-05 5.78891e-05 6.51253e-05 0 0.000180904 23
1621 0 8.26971e-05 5.27344e-05 8.26971e-05 0 5.87269e-05 5.27344e-05 5.87269e-05 0 0.000194158 23
1640 0 4.7612e-05 4.16605e-05 4.7612e-05 0 5.11829e-05 4.16605e-05 5.11829e-05 0 0.000140455 23
1659 0 5.20246e-05 6.03013e-05 5.20246e-05 0 6.26661e-05 6.03013e-05 6.26661e-05 0 0.000174992 23
1678 0 6.22423e-05 4.58009e-05 6.22423e-05 0 6.57654e-05 4.58009e-05 6.57654e-05 0 0.000173809 23
1698 0 7.70654e-05 8.40714e-05 7.70654e-05 0 7.23948e-05 8.40714e-05 7.23948e-05 0 0.000233532 23
1717 0 6.50636e-05 6.39018e-05 6.50636e-05 0 7.31966e-05 6.39018e-05 7.31966e-05 0 0.000202162 23
1737 0 6.81209e-05 4.96474e-05 6.81209e-05 0 5.77296e-05 4.96474e-05 5.77296e-05 0 0.000175498 23
1757 0 5.96655e-05 4.81913e-05 5.96655e-05 0 5.50758e-05 4.81913e-05 5.50758e-05 0 0.000162933 23
1778 0 4.78736e-05 5.12932e-05 4.78736e-05 0 4.90135e-05 5.12932e-05 4.90135e-05 0 0.00014818 23
1798 0 5.8894e-05 5.77614e-05 5.8894e-05 0 6.90872e-05 5.77614e-05 6.90872e-05 0 0.000185743 23
1819 0 5.97069e-05 6.75928e-05 5.97069e-05 0 6.42131e-05 6.75928e-05 6.42131e-05 0 0.000191513 23
1840 0 5.03795e-05 6.04554e-05 5.03795e-05 0 5.03795e-05 6.04554e-05 5.03795e-05 0 0.000161214 23
1862 0 6.90026e-05 6.0099e-05 6.90026e-05 0 6.23249e-05 6.0099e-05 6.23249e-05 0 0.000191427 23
1883 0 7.63443e-05 4.42576e-05 7.63443e-05 0 3.87254e-05 4.42576e-05 3.87254e-05 0 0.000159327 23
1905 0 4.83781e-05 6.15722e-05 4.83781e-05 0 5.71741e-05 6.15722e-05 5.71741e-05 0 0.000167124 23
1927 0 5.02873e-05 6.4499e-05 5.02873e-05 0 4.91941e-05 6.4499e-05 4.91941e-05 0 0.00016398 23
1949 0 3.58459e-05 6.40881e-05 3.58459e-05 0 6.08294e-05 6.40881e-05 6.08294e-05 0 0.000160763 23
1972 0 5.07738e-05 5.07738e-05 5.07738e-05 0 7.12993e-05 5.07738e-05 7.12993e-05 0 0.000172847 23
1995 0 7.09096e-05 6.12401e-05 7.09096e-05 0 5.90914e-05 6.12401e-05 5.90914e-05 0 0.000191241 23
2018 0 6.62898e-05 6.41514e-05 6.62898e-05 0 6.20131e-05 6.41514e-05 6.20131e-05 0 0.000192454 23
2041 0 6.06003e-05 3.93371e-05 6.06003e-05 0 4.89055e-05 3.93371e-05 4.89055e-05 0 0.000148843 23
2065 0 3.27435e-05 3.16872e-05 3.27435e-05 0 5.17558e-05 3.16872e-05 5.17558e-05 0 0.000116186 23
2089 0 5.14108e-05 4.7214e-05 5.14108e-05 0 4.40664e-05 4.7214e-05 4.40664e-05 0 0.000142691 23
2113 0 2.70874e-05 3.64638e-05 2.70874e-05 0 4.06311e-05 3.64638e-05 4.06311e-05 0 0.000104182 23
2137 0 5.27692e-05 4.75957e-05 5.27692e-05 0 5.27692e-05 4.75957e-05 5.27692e-05 0 0.000153134 23
2162 0 4.6327e-05 4.94155e-05 4.6327e-05 0 6.69168e-05 4.94155e-05 6.69168e-05 0 0.000162659 23
2187 0 3.99177e-05 5.01531e-05 3.99177e-05 0 4.29883e-05 5.01531e-05 4.29883e-05 0 0.000133059 23
2213 0 4.67997e-05 4.88345e-05 4.67997e-05 0 4.88345e-05 4.88345e-05 4.88345e-05 0 0.000144469 23
2238 0 5.05799e-05 5.05799e-05 5.05799e-05 0 5.05799e-05 5.05799e-05 5.05799e-05 0 0.00015174 23
2264 0 4.22336e-05 4.32392e-05 4.22336e-05 0 3.92169e-05 4.32392e-05 3.92169e-05 0 0.00012469 23
2290 0 4.59578e-05 4.49587e-05 4.59578e-05 0 3.6966e-05 4.49587e-05 3.6966e-05 0 0.000127882 23
2317 0 5.06347e-05 5.46061e-05 5.06347e-05 0 4.56705e-05 5.46061e-05 4.56705e-05 0 0.000150911 23
2344 0 5.33354e-05 4.54339e-05 5.33354e-05 0 5.13601e-05 4.54339e-05 5.13601e-05 0 0.000150129 23
2371 0 4.71467e-05 5.89334e-05 4.71467e-05 0 5.50045e-05 5.89334e-05 5.50045e-05 0 0.000161085 23
2398 0 4.59158e-05 4.49389e-05 4.59158e-05 0 5.37312e-05 4.49389e-05 5.37312e-05 0 0.000144586 23
2426 0 3.39837e-05 3.68966e-05 3.39837e-05 0 4.75772e-05 3.68966e-05 4.75772e-05 0 0.000118458 23
2454 0 4.92003e-05 3.95531e-05 4.92003e-05 0 5.0165e-05 3.95531e-05 5.0165e-05 0 0.000138918 23
2483 0 4.51105e-05 4.60703e-05 4.51105e-05 0 4.70301e-05 4.60703e-05 4.70301e-05 0 0.000138211 23
2511 0 4.10467e-05 4.96379e-05 4.10467e-05 0 4.67742e-05 4.96379e-05 4.67742e-05 0 0.000137459 23
2540 0 3.41557e-05 4.9336e-05 3.41557e-05 0 3.98483e-05 4.9336e-05 3.98483e-05 0 0.00012334 23
2570 0 4.24391e-05 4.0553e-05 4.24391e-05 0 3.58375e-05 4.0553e-05 3.58375e-05 0 0.00011883 23
2600 0 4.02896e-05 4.68484e-05 4.02896e-05 0 4.59114e-05 4.68484e-05 4.59114e-05 0 0.000133049 23
2630 0 4.47391e-05 3.91467e-05 4.47391e-05 0 5.7788e-05 3.91467e-05 5.7788e-05 0 0.000141674 23
2660 0 4.82214e-05 6.39861e-05 4.82214e-05 0 4.7294e-05 6.39861e-05 4.7294e-05 0 0.000159501 23
2691 0 3.68923e-05 3.41254e-05 3.68923e-05 0 4.33485e-05 3.41254e-05 4.33485e-05 0 0.000114366 23
2722 0 3.76047e-05 3.94391e-05 3.76047e-05 0 4.76938e-05 3.94391e-05 4.76938e-05 0 0.000124738 23
2754 0 2.82921e-05 4.56324e-05 2.82921e-05 0 3.19427e-05 4.56324e-05 3.19427e-05 0 0.000105867 23
2786 0 5.4432e-05 5.4432e-05 5.4432e-05 0 4.35456e-05 5.4432e-05 4.35456e-05 0 0.00015241 23
2818 0 3.79048e-05 3.70023e-05 3.79048e-05 0 4.42223e-05 3.70023e-05 4.42223e-05 0 0.000119129 23
2851 0 3.76942e-05 4.93614e-05 3.76942e-05 0 5.29514e-05 4.93614e-05 5.29514e-05 0 0.000140007 23
2884 0 4.10722e-05 4.1965e-05 4.10722e-05 0 4.01793e-05 4.1965e-05 4.01793e-05 0 0.000123216 23
2917 0 1.86375e-05 3.195e-05 1.86375e-05 0 3.63876e-05 3.195e-05 3.63876e-05 0 8.69751e-05 23
2951 0 3.79457e-05 3.61808e-05 3.79457e-05 0 4.2358e-05 3.61808e-05 4.2358e-05 0 0.000116484 23
2985 0 3.59836e-05 4.56378e-05 3.59836e-05 0 4.12495e-05 4.56378e-05 4.12495e-05 0 0.000122871 23
3019 0 4.27872e-05 3.58015e-05 4.27872e-05 0 4.71533e-05 3.58015e-05 4.71533e-05 0 0.000125742 23
3054 0 2.43169e-05 2.95277e-05 2.43169e-05 0 3.82123e-05 2.95277e-05 3.82123e-05 0 9.20569e-05 23
3090 0 4.66609e-05 3.802e-05 4.66609e-05 0 5.53018e-05 3.802e-05 5.53018e-05 0 0.000139983 23
3126 0 2.92276e-05 3.35257e-05 2.92276e-05 0 2.83679e-05 3.35257e-05 2.83679e-05 0 9.11212e-05 23
3162 0 4.18283e-05 3.67065e-05 4.18283e-05 0 3.58528e-05 3.67065e-05 3.58528e-05 0 0.000114388 23
3198 0 3.82109e-05 2.29265e-05 3.82109e-05 0 2.71722e-05 2.29265e-05 2.71722e-05 0 8.83096e-05 23
3235 0 2.61466e-05 4.04851e-05 2.61466e-05 0 2.78335e-05 4.04851e-05 2.78335e-05 0 9.44652e-05 23
3273 0 3.10079e-05 3.01699e-05 3.10079e-05 0 3.60362e-05 3.01699e-05 3.60362e-05 0 9.7214e-05 23
3311 0 2.41503e-05 2.58159e-05 2.41503e-05 0 3.16453e-05 2.58159e-05 3.16453e-05 0 8.16115e-05 23
3349 0 3.47736e-05 4.55369e-05 3.47736e-05 0 5.05045e-05 4.55369e-05 5.05045e-05 0 0.000130815 23
3388 0 3.54418e-05 3.21449e-05 3.54418e-05 0 4.94537e-05 3.21449e-05 4.94537e-05 0 0.00011704 23
3427 0 2.87071e-05 3.03475e-05 2.87071e-05 0 3.28082e-05 3.03475e-05 3.28082e-05 0 9.18628e-05 23
3467 0 2.52751e-05 3.83204e-05 2.52751e-05 0 3.09824e-05 3.83204e-05 3.09824e-05 0 9.45779e-05 23
3507 0 2.67521e-05 3.97229e-05 2.67521e-05 0 2.59415e-05 3.97229e-05 2.59415e-05 0 9.24165e-05 23
3548 0 2.58118e-05 4.0331e-05 2.58118e-05 0 3.87177e-05 4.0331e-05 3.87177e-05 0 0.000104861 23
3589 0 2.24448e-05 2.08416e-05 2.24448e-05 0 2.08416e-05 2.08416e-05 2.08416e-05 0 6.41279e-05 23
3630 0 3.74344e-05 3.10626e-05 3.74344e-05 0 2.86731e-05 3.10626e-05 2.86731e-05 0 9.71701e-05 23
3672 0 2.85037e-05 2.61283e-05 2.85037e-05 0 2.45448e-05 2.61283e-05 2.45448e-05 0 7.91768e-05 23
3715 0 3.22512e-05 3.38244e-05 3.22512e-05 0 2.98913e-05 3.38244e-05 2.98913e-05 0 9.59669e-05 23
3758 0 3.20772e-05 3.05124e-05 3.20772e-05 0 2.34711e-05 3.05124e-05 2.34711e-05 0 8.60607e-05 23
3801 0 2.49034e-05 3.03511e-05 2.49034e-05 0 2.41252e-05 3.03511e-05 2.41252e-05 0 7.93797e-05 23
3845 0 3.2493e-05 3.48139e-05 3.2493e-05 0 2.70775e-05 3.48139e-05 2.70775e-05 0 9.43844e-05 23
3890 0 3.6165e-05 3.15482e-05 3.6165e-05 0 3.07787e-05 3.15482e-05 3.07787e-05 0 9.84918e-05 23
3935 0 3.06255e-05 2.52661e-05 3.06255e-05 0 3.5985e-05 2.52661e-05 3.5985e-05 0 9.18766e-05 23
3981 0 1.97893e-05 3.34897e-05 1.97893e-05 0 2.74006e-05 3.34897e-05 2.74006e-05 0 8.06797e-05 23
4027 0 2.3448e-05 3.40374e-05 2.3448e-05 0 3.17682e-05 3.40374e-05 3.17682e-05 0 8.92536e-05 23
4073 0 2.78589e-05 2.48471e-05 2.78589e-05 0 2.40942e-05 2.48471e-05 2.40942e-05 0 7.68002e-05 23
4120 0 2.91615e-05 2.61706e-05 2.91615e-05 0 1.49546e-05 2.61706e-05 1.49546e-05 0 7.02866e-05 23
4168 0 2.9733e-05 3.56796e-05 2.9733e-05 0 2.22998e-05 3.56796e-05 2.22998e-05 0 8.77125e-05 23
4216 0 2.2184e-05 2.95786e-05 2.2184e-05 0 2.80997e-05 2.95786e-05 2.80997e-05 0 7.98623e-05 23
4265 0 3.60718e-05 3.31271e-05 3.60718e-05 0 3.53356e-05 3.31271e-05 3.53356e-05 0 0.000104535 23
4315 0 2.63781e-05 2.93089e-05 2.63781e-05 0 3.66362e-05 2.93089e-05 3.66362e-05 0 9.23232e-05 23
4365 0 4.08898e-05 3.21277e-05 4.08898e-05 0 4.23501e-05 3.21277e-05 4.23501e-05 0 0.000115368 23
4415 0 2.32541e-05 2.39807e-05 2.32541e-05 0 2.25274e-05 2.39807e-05 2.25274e-05 0 6.97622e-05 23
4466 0 2.67391e-05 2.60164e-05 2.67391e-05 0 2.67391e-05 2.60164e-05 2.67391e-05 0 7.94946e-05 23
4518 0 2.01074e-05 2.08255e-05 2.01074e-05 0 2.65705e-05 2.08255e-05 2.65705e-05 0 6.75034e-05 23
4570 0 1.35523e-05 1.42656e-05 1.35523e-05 0 1.7832e-05 1.42656e-05 1.7832e-05 0 4.565e-05 23
4623 0 3.89833e-05 2.69339e-05 3.89833e-05 0 2.76427e-05 2.69339e-05 2.76427e-05 0 9.356e-05 23
4677 0 2.0456e-05 3.10367e-05 2.0456e-05 0 2.18668e-05 3.10367e-05 2.18668e-05 0 7.33595e-05 23
4731 0 2.31526e-05 2.31526e-05 2.31526e-05 0 2.52574e-05 2.31526e-05 2.52574e-05 0 7.15625e-05 23
4786 0 2.09267e-05 2.3717e-05 2.09267e-05 0 2.09267e-05 2.3717e-05 2.09267e-05 0 6.55705e-05 23
4841 0 2.21873e-05 2.14939e-05 2.21873e-05 0 2.14939e-05 2.14939e-05 2.14939e-05 0 6.51751e-05 23
4897 0 1.17037e-05 1.51459e-05 1.17037e-05 0 1.72113e-05 1.51459e-05 1.72113e-05 0 4.40608e-05 23
4954 0 1.89574e-05 2.06808e-05 1.89574e-05 0 2.5851e-05 2.06808e-05 2.5851e-05 0 6.54892e-05 23
