1 0.276245 0.185776 0.462021 8127 5602.32 13729.3 38886.7 16
2 0.0808269 0.0614284 0.142255 1128.77 773.325 1902.1 25694.7 16
3 0.0458784 0.0323064 0.0781848 372.983 254.644 627.627 20203.2 16
4 0.0288561 0.0234686 0.0523247 181.627 124.029 305.656 17096 16
5 0.0238814 0.0163681 0.0402495 106.682 71.8528 178.535 15110 16
6 0.0172818 0.0127762 0.030058 68.6222 47.6067 116.229 13660 16
7 0.0154287 0.00963579 0.0250645 47.086 33.2672 80.3533 12511.9 16
8 0.0131437 0.00887062 0.0220143 33.7324 23.8431 57.5755 11687.7 16
9 0.0125738 0.0081088 0.0206826 27.3388 17.6339 44.9726 10979.7 16
10 0.0113998 0.00812173 0.0195215 21.7016 15.1159 36.8175 10383.7 16
11 0.00883392 0.00636972 0.0152036 16.7139 12.2211 28.935 9851.55 16
12 0.0072039 0.00519039 0.0123943 15.795 11.2215 27.0165 9445.08 16
13 0.00722239 0.00515885 0.0123812 13.1439 8.86703 22.011 9068.48 16
14 0.00702508 0.0042977 0.0113228 9.3339 6.75776 16.0917 8705.21 16
15 0.00603348 0.00475486 0.0107883 9.8116 5.56383 15.3754 8401.47 16
16 0.00633453 0.0043137 0.0106482 7.20337 6.22012 13.4235 8155.48 16
17 0.00556057 0.00383228 0.00939285 6.0922 5.57665 11.6688 7872.64 16
18 0.00554886 0.00324901 0.00879787 6.63655 5.14314 11.7797 7648.85 16
19 0.00495826 0.00328173 0.00823999 6.70946 4.50189 11.2114 7475.31 16
20 0.00496046 0.00326072 0.00822117 5.21413 3.27328 8.48741 7256.3 16
21 0.00491525 0.00315254 0.0080678 3.97166 2.86986 6.84153 7091.94 16
22 0.00444047 0.00324751 0.00768797 3.36756 2.21463 5.5822 6928.22 16
23 0.00437587 0.00239863 0.0067745 3.7191 2.56841 6.28751 6764.14 16
24 0.00373938 0.00209152 0.0058309 3.08927 2.40645 5.49572 6608.1 16
25 0.00439116 0.00305201 0.00744316 3.22174 2.78328 6.00501 6494.47 16
26 0.00358171 0.00241842 0.00600012 3.0776 2.56034 5.63794 6382.89 16
27 0.00368164 0.00257416 0.0062558 3.35018 1.8935 5.24368 6234.67 16
28 0.00365006 0.00244319 0.00609325 2.76283 1.43686 4.19969 6124.25 16
29 0.00367817 0.00223007 0.00590825 2.21788 2.07704 4.29492 6013.45 16
30 0.00367511 0.00230763 0.00598274 2.01895 2.17116 4.19011 5905.21 16
31 0.00330708 0.00162551 0.0049326 2.09008 1.10059 3.19066 5799.66 16
32 0.00275596 0.00225989 0.00501585 1.92405 1.37079 3.29483 5698.28 16
33 0.00324401 0.00147207 0.00471608 1.99632 1.39795 3.39427 5629.21 16
34 0.00327078 0.00176944 0.00504021 1.3782 0.942306 2.32051 5529.32 16
35 0.00312856 0.00206803 0.0051966 1.48694 0.995228 2.48217 5463.76 16
36 0.00247744 0.00206019 0.00453763 1.70774 0.749596 2.45734 5366.78 16
37 0.00278473 0.00165021 0.00443493 1.51414 0.787639 2.30178 5304.04 16
38 0.0023461 0.00130056 0.00364666 1.7291 1.08987 2.81897 5240.99 16
39 0.00235701 0.00155463 0.00391164 1.08811 0.925378 2.01349 5149.23 16
40 0.00255399 0.00161174 0.00416574 1.42919 0.895683 2.32488 5088.7 16
41 0.00230624 0.00161927 0.00392551 1.56179 0.840379 2.40217 5026.01 16
42 0.00240239 0.00194132 0.00434371 0.762139 0.826106 1.58825 4965.93 16
43 0.00199093 0.00146322 0.00345415 0.80177 0.895536 1.69731 4909.55 16
44 0.00189582 0.00139817 0.00329399 0.801057 0.497749 1.29881 4856.28 16
45 0.0021313 0.00135841 0.00348971 0.850926 0.420779 1.27171 4801.96 16
46 0.00217784 0.00127427 0.00345211 0.742343 0.479079 1.22142 4743.53 16
47 0.00192435 0.00135163 0.00327598 0.942155 0.532061 1.47422 4688.24 16
48 0.00203767 0.00126789 0.00330556 0.613408 0.59842 1.21183 4636.02 16
49 0.0021248 0.00107359 0.00319839 0.716283 0.600313 1.3166 4585.58 16
50 0.00198024 0.00126824 0.00324849 0.801954 0.611272 1.41323 4557.13 16
51 0.00191179 0.000988859 0.00290065 0.784627 0.6183 1.40293 4508.71 16
52 0.00178234 0.00110853 0.00289086 0.45317 0.327841 0.781012 4454.76 16
53 0.00175033 0.00103723 0.00278756 0.583119 0.353286 0.936405 4429.73 16
54 0.00203091 0.00123993 0.00327084 0.788913 0.435321 1.22423 4375.7 16
55 0.00198895 0.00114259 0.00313155 0.565181 0.408244 0.973424 4320.09 16
56 0.00166263 0.00111544 0.00277807 0.43561 0.630601 1.06621 4293.51 16
57 0.00174669 0.000977314 0.002724 0.5668 0.314175 0.880976 4246.83 16
58 0.00157233 0.00142751 0.00299983 0.487214 0.368256 0.85547 4219.93 16
59 0.00161544 0.00106333 0.00267877 0.606854 0.294706 0.90156 4171.68 16
60 0.00146422 0.00140321 0.00286743 0.550871 0.392593 0.943465 4147.13 16
61 0.00195305 0.00134901 0.00330206 0.61982 0.36534 0.985161 4093.08 16
62 0.00144202 0.000981374 0.00242339 0.508692 0.440857 0.949549 4067.7 16
63 0.00145363 0.000896075 0.00234971 0.479161 0.488022 0.967184 4044.4 16
64 0.00177431 0.00130116 0.00307547 0.387233 0.253115 0.640348 3992.13 16
65 0.00166732 0.00117693 0.00284425 0.282503 0.253492 0.535995 3966.4 16
66 0.00171811 0.00107382 0.00279193 0.326031 0.253187 0.579219 3939.25 16
67 0.00152533 0.000946092 0.00247142 0.29603 0.255426 0.551456 3892.89 16
68 0.00144004 0.000844822 0.00228486 0.296398 0.289927 0.586325 3869.58 16
69 0.0015474 0.000897872 0.00244527 0.394643 0.235739 0.630382 3845.34 16
70 0.0013225 0.000680144 0.00200265 0.38294 0.217873 0.600812 3799.44 16
71 0.00167249 0.000789266 0.00246176 0.23896 0.0941482 0.333108 3776.11 16
72 0.0012895 0.000953111 0.00224261 0.300884 0.19935 0.500234 3753.55 16
73 0.00139395 0.000631923 0.00202587 0.273456 0.260334 0.533789 3730.98 16
74 0.00146061 0.000905948 0.00236656 0.367501 0.271119 0.638619 3707.72 16
75 0.00117006 0.000968957 0.00213902 0.365955 0.247395 0.61335 3664.11 16
76 0.00129098 0.000781861 0.00207284 0.260414 0.15859 0.419005 3642.06 16
77 0.00117496 0.000903816 0.00207878 0.229117 0.200539 0.429656 3621.46 16
78 0.00115019 0.000790755 0.00194094 0.292112 0.101756 0.393868 3600.97 16
79 0.00125118 0.000786459 0.00203764 0.356856 0.0538188 0.410674 3579.18 16
80 0.000959812 0.00115533 0.00211514 0.308882 0.0761096 0.384991 3558.09 16
81 0.00100684 0.000724215 0.00173105 0.13292 0.15341 0.28633 3539.28 16
82 0.000982594 0.000719399 0.00170199 0.216241 0.13923 0.355471 3522.67 16
83 0.00139592 0.00083755 0.00223347 0.277037 0.0876985 0.364736 3501.26 16
84 0.00116346 0.000868252 0.00203171 0.215691 0.147221 0.362912 3478.34 16
85 0.000949618 0.000863289 0.00181291 0.201578 0.191598 0.393177 3458.2 16
86 0.00114972 0.000720721 0.00187044 0.252595 0.125199 0.377795 3439.87 16
87 0.00122917 0.000870664 0.00209984 0.133212 0.211264 0.344476 3417.66 16
88 0.00101916 0.000662454 0.00168161 0.109424 0.186778 0.296202 3395.78 16
89 0.000759109 0.000641026 0.00140013 0.0817645 0.230196 0.31196 3380.28 16
90 0.00107303 0.000720944 0.00179398 0.197991 0.268141 0.466132 3362.03 16
91 0.00106773 0.000684017 0.00175175 0.162012 0.164331 0.326343 3340.07 16
92 0.0011443 0.000779449 0.00192375 0.131495 0.107365 0.23886 3321.64 16
93 0.00108916 0.000775616 0.00186478 0.171626 0.158902 0.330528 3299.62 16
94 0.000935377 0.000918967 0.00185434 0.068102 0.188798 0.2569 3280.61 16
95 0.000766796 0.000554704 0.0013215 0.125494 0.101413 0.226906 3261.86 16
96 0.000810228 0.00056716 0.00137739 0.177375 0.123527 0.300903 3246.5 16
97 0.000885668 0.000660225 0.00154589 0.173478 0.0863607 0.259839 3229.54 16
98 0.00104055 0.00062433 0.00166488 0.126275 0.187155 0.313429 3211.25 16
100 0.00106754 0.000717006 0.00178455 0.124297 0.245089 0.369385 3189.6 16
101 0.000887396 0.000744779 0.00163217 0.184974 0.103778 0.288752 3170.48 16
102 0.000961523 0.000788134 0.00174966 0.127047 0.225517 0.352564 3150.77 16
103 0.000940719 0.000658503 0.00159922 0.251094 0.166492 0.417585 3131.6 16
104 0.000997755 0.000623597 0.00162135 0.17509 0.0896109 0.264701 3113.43 16
105 0.001008 0.000465232 0.00147323 0.104538 0.0550059 0.159543 3094.06 16
107 0.000786479 0.000524319 0.0013108 0.184406 0.191531 0.375937 3075.96 16
108 0.000796972 0.000597729 0.0013947 0.216792 0.0685855 0.285377 3059.39 16
109 0.000822619 0.000594114 0.00141673 0.215755 0.123819 0.339574 3042.95 16
110 0.000726601 0.000529813 0.00125641 0.254704 0.0528754 0.307579 3027.04 16
112 0.00079734 0.000571678 0.00136902 0.210543 0.0500369 0.26058 3011.1 16
113 0.000777547 0.000463538 0.00124108 0.285375 0.0601702 0.345545 2994.78 16
114 0.000817601 0.000401368 0.00121897 0.182622 0.0604133 0.243036 2977.99 16
116 0.000708948 0.00059079 0.00129974 0.171772 0.0984403 0.270212 2962.88 16
117 0.000763751 0.000602188 0.00136594 0.188926 0.122097 0.311023 2945.52 16
118 0.000949487 0.000598907 0.00154839 0.118467 0.157717 0.276184 2927.25 16
120 0.000639108 0.000493856 0.00113296 0.070665 0.0842024 0.154867 2910.32 16
121 0.000577417 0.000750642 0.00132806 0.241101 0.119424 0.360525 2894.83 16
123 0.000774716 0.000459091 0.00123381 0.0982454 0.11813 0.216375 2879.39 16
124 0.00075589 0.000513435 0.00126933 0.131054 0.14506 0.276114 2863.55 16
125 0.000737233 0.000411149 0.00114838 0.14678 0.148482 0.295262 2847.49 16
127 0.000676638 0.000521575 0.00119821 0.080971 0.075572 0.156543 2831.27 16
128 0.000714496 0.000462321 0.00117682 0.0733129 0.0726404 0.145953 2816.03 16
130 0.000654678 0.000459668 0.00111435 0.0328453 0.0418715 0.0747169 2799.96 16
131 0.000595139 0.000525937 0.00112108 0.0677075 0.0433898 0.111097 2785.52 16
133 0.000632676 0.000440123 0.0010728 0.0608745 0.0248119 0.0856864 2770.94 16
134 0.000697569 0.000451368 0.00114894 0.0708512 0.177538 0.248389 2754.5 16
136 0.000775004 0.000421493 0.0011965 0.127998 0.133505 0.261503 2739.21 16
138 0.000744259 0.000392428 0.00113669 0.028133 0.191911 0.220044 2721.04 16
139 0.000793993 0.000551758 0.00134575 0.0169295 0.124267 0.141196 2704.69 16
141 0.000776699 0.000549046 0.00132574 0.097382 0.042464 0.139846 2687.01 16
142 0.000746159 0.000439701 0.00118586 0.0742295 0.00956683 0.0837964 2669.76 16
144 0.000649609 0.000464006 0.00111362 0.0699854 0.0925626 0.162548 2652.41 16
146 0.000421402 0.000460908 0.00088231 0.0868746 0.0397171 0.126592 2639.71 16
147 0.000601826 0.000405579 0.00100741 0.133278 0.0370385 0.170317 2626.62 16
149 0.000598071 0.000312037 0.000910107 0.0829888 0.135034 0.218023 2612.76 16
151 0.000737005 0.000413757 0.00115076 0.0920222 0.204719 0.296742 2597.08 16
153 0.000565996 0.000450224 0.00101622 0.0773228 0.0695275 0.14685 2580.81 16
154 0.000626743 0.000422092 0.00104883 0.126449 0.107007 0.233455 2565.86 16
156 0.000635987 0.000445191 0.00108118 0.142983 0.00852222 0.151505 2550.62 16
158 0.000670631 0.000328989 0.00099962 0.0804758 0.0469948 0.127471 2534.69 16
160 0.000616647 0.000465631 0.00108228 0.0829076 0.0181219 0.101029 2519.32 16
162 0.000500375 0.000462847 0.000963222 0.0456718 0.117813 0.163485 2505.44 16
164 0.000547175 0.000310895 0.00085807 0 0.126771 0.126771 2491.38 16
165 0.000407966 0.00046978 0.000877746 0.0676853 0.159416 0.227101 2477.64 16
167 0.000491425 0.00050371 0.000995135 0.0866873 0.0447934 0.131481 2464.61 16
169 0.000610829 0.000378714 0.000989543 0.0930781 0.0491961 0.142274 2450.24 16
171 0.000546893 0.000461821 0.00100871 0.00719468 0.0939198 0.101114 2434.91 16
173 0.000555965 0.000362586 0.000918551 0.0187215 0.0439575 0.062679 2420.27 16
175 0.000516771 0.000324484 0.000841255 0.0507036 0.0585273 0.109231 2406.11 16
177 0.000537609 0.000322565 0.000860174 0.0228663 0.0199871 0.0428534 2392.67 16
179 0.0005584 0.000308902 0.000867303 0.00824532 0.0778434 0.0860887 2378.34 16
181 0.00049602 0.00034249 0.00083851 0.0230059 0.0457165 0.0687224 2365.24 16
184 0.00036382 0.00036382 0.00072764 0.0740432 0.0570141 0.131057 2353.06 16
186 0.000489996 0.000513329 0.00100332 0.0633145 0.0365397 0.0998542 2340.01 16
188 0.000592032 0.00030182 0.000893852 0.0579263 0.061966 0.119892 2324.86 16
190 0.000473315 0.00032324 0.000796555 0.0894912 0.0384771 0.127968 2311.15 16
192 0.000596981 0.000390334 0.000987314 0.0225819 0.00412146 0.0267034 2297.44 16
194 0.000583064 0.000400142 0.000983205 0.098069 0.00733974 0.105409 2280.64 16
197 0.000534686 0.000318537 0.000853223 0.116493 0.014118 0.130611 2265.5 16
199 0.000407115 0.000305337 0.000712452 0.0627749 0.0427358 0.105511 2253.08 16
201 0.000438453 0.000382242 0.000820695 0.0724123 0.0288592 0.101272 2240.38 16
204 0.000435998 0.000268306 0.000704304 0.0637116 0.00904416 0.0727557 2227.23 16
206 0.000466885 0.00038907 0.000855955 0.0469219 0.0246337 0.0715556 2214.27 16
208 0.000419922 0.000309416 0.000729338 0.0405888 0.0322235 0.0728123 2201.91 16
211 0.000527693 0.000340802 0.000868495 0.0146215 0.0818913 0.0965128 2188 16
213 0.000371792 0.000349922 0.000721714 0.0168291 0.0262223 0.0430513 2174.47 16
216 0.0004892 0.000347875 0.000837075 0.0911433 0.042843 0.133986 2162.18 16
218 0.000367631 0.000335193 0.000702824 0.0705527 0.0271506 0.0977034 2149.1 16
221 0.000462296 0.000268777 0.000731073 0.0235878 0.0437784 0.0673662 2136.77 16
223 0.000438479 0.000267365 0.000705845 0 0 1 2123.57 16
226 0.000563974 0.000255384 0.000819358 0.0164084 0.0134077 0.0298161 2109.86 16
229 0.000253853 0.000253853 0.000507705 0.0669008 0 0.0669008 2098.39 16
231 0.000357139 0.000304619 0.000661758 0.0261762 0.0251783 0.0513545 2088.59 16
234 0.000480558 0.000208938 0.000689497 0.0291991 0.0258457 0.0550448 2075.93 16
237 0.000436554 0.00030143 0.000737984 0.0316502 0.0397264 0.0713766 2062.64 16
239 0.000382603 0.000289537 0.00067214 0.00218187 0.00632846 0.00851033 2049.53 16
242 0.000359694 0.000308309 0.000668003 0.0682288 0.0203073 0.088536 2038.65 16
245 0.000470261 0.000173792 0.000644053 0.0435707 0 0.0435707 2026.07 16
248 0.00035589 0.000264375 0.000620265 0.0874269 0.0253495 0.112776 2013.63 16
251 0.000455263 0.000222573 0.000677836 0.0373518 0.012626 0.0499777 2000.82 16
254 0.000311805 0.000281631 0.000593436 0.0160731 0.049919 0.0659921 1989.48 16
257 0.000329908 0.000259927 0.000589835 0.0291318 0.00609829 0.0352301 1978.55 16
260 0.000417711 0.000298365 0.000716076 0.0421689 0.0317659 0.0739348 1966.06 16
263 0.000494878 0.000207849 0.000702727 0.0820211 0.0322067 0.114228 1952.76 16
266 0.000394228 0.000335094 0.000729323 0.00994441 0.0531617 0.0631061 1938.6 16
269 0.00038254 0.000284453 0.000666994 0.0314076 0.00861206 0.0400196 1925.45 16
272 0.000302389 0.000175581 0.00047797 0.0397202 0.0100861 0.0498064 1913.9 16
275 0.000329298 0.000154964 0.000484262 0.00292494 0.0484939 0.0514189 1905.45 16
278 0.000366067 0.000279367 0.000645435 0.0690037 0.0347186 0.103722 1893.8 16
281 0.000277807 0.000249068 0.000526875 0.0263055 0.0397551 0.0660606 1882.61 16
285 0.000352529 0.000276306 0.000628835 0.00518312 0.0300602 0.0352433 1871.18 16
288 0.000265197 0.000322025 0.000587221 0.000842947 0.0235457 0.0243886 1860.79 16
291 0.000301202 0.000112951 0.000414153 0.00590168 0.0277012 0.0336028 1850.93 16
295 0.000261827 0.000187019 0.000448846 0.0277536 0.0325507 0.0603043 1841.86 16
298 0.000306746 0.000185906 0.000492652 0.00263058 0.0123256 0.0149562 1831.61 16
301 0.000332564 0.000203233 0.000535797 0.0271963 0.0370069 0.0642032 1821.91 16
305 0.000238775 0.000247959 0.000486734 0 0.000982652 0.000982652 1811.73 16
309 0.000383306 0.000136895 0.000520201 0.0139542 0.012138 0.0260922 1802.26 16
312 0.000281437 0.000163415 0.000444852 0.0338995 0 0.0338995 1791.15 16
316 0.000189363 0.000180346 0.000369709 0.0090173 0.00750239 0.0165197 1782.67 16
319 0.000394463 0.000197232 0.000591695 0.0225203 0 0.0225203 1772.59 16
323 0.000249784 0.000285467 0.000535251 0.0168782 0 0.0168782 1761.12 16
327 0.0002928 0.000186327 0.000479127 0.030185 0 0.030185 1750.34 16
331 0.000238106 0.000176375 0.00041448 0.000132281 0.00161383 0.00174611 1740.9 16
334 0.000350902 0.000175451 0.000526353 0 0.0111587 0.0111587 1729.9 16
338 0.000314081 0.000218112 0.000532193 0.000567091 0.0225964 0.0231635 1719.52 16
342 0.000295113 0.000164916 0.00046003 0.00252582 0.000225675 0.0027515 1708.61 16
346 0.000241725 0.000189927 0.000431652 0.00482587 0 0.00482587 1698.32 16
350 0.000231601 0.000171556 0.000403157 0.00104649 0.0139647 0.0150112 1689.8 16
354 0.000212982 0.000204462 0.000417444 0.0135967 0.00207018 0.0156669 1681.96 16
358 0.000313631 0.000220389 0.00053402 0.0471803 0.0237088 0.0708891 1671.22 16
363 0.000219209 0.000160192 0.000379401 0.0139451 0.0236662 0.0376113 1661.19 16
367 0.000352234 0.000150957 0.000503191 0 0.00918324 0.00918324 1650.99 16
371 0.000225165 0.000183468 0.000408633 0.026361 0.0159534 0.0423144 1641.18 16
375 0.000273611 0.000157534 0.000431145 0.0482883 0.0112015 0.0594898 1631.85 16
380 0.000255651 0.00018143 0.000437081 0.0179203 0.0310327 0.0489531 1621.83 16
384 0.000229551 0.000131172 0.000360724 0 0 1 1612.77 16
389 0.000277243 0.000130467 0.000407711 0.012321 0.00924688 0.0215679 1602.95 16
393 0.000218864 0.000162122 0.000380986 0.00475017 0.00440161 0.00915178 1593.97 16
398 0.000257985 0.000128993 0.000386978 0.00972283 0 0.00972283 1584.46 16
402 0.000232456 0.000160314 0.00039277 0.0336019 0.00262915 0.036231 1575.44 16
407 0.000247175 0.000151495 0.00039867 0.0106445 0 0.0106445 1565.61 16
412 0.000198092 0.000190168 0.00038826 0.00545941 0 0.00545941 1557.29 16
416 0.000204879 0.000204879 0.000409759 0 0.00356963 0.00356963 1547.91 16
421 0.000133067 0.00015655 0.000289617 0.013385 0 0.013385 1540.49 16
426 0.000139892 0.00013212 0.000272012 0.00158544 0.0126602 0.0142456 1533.71 16
431 0.000169799 0.000162081 0.00033188 0 0.00635974 0.00635974 1526.69 16
436 0.000153348 0.000168683 0.000322032 0.0106654 0.0129119 0.0235773 1519.18 16
441 0.000266876 0.000190626 0.000457502 0.00404127 0.00152501 0.00556627 1510.14 16
446 0.000212417 0.000106209 0.000318626 0.00611458 0 0.00611458 1500.49 16
451 0.000226425 0.000188688 0.000415113 0.0279862 0.000769846 0.028756 1491.05 16
457 0.000172561 9.0032e-05 0.000262593 0 0 1 1482.83 16
462 0.000201254 0.000171438 0.000372692 0.00476301 0.0110913 0.0158543 1475.5 16
467 0.000185333 0.000148267 0.0003336 0.00768022 0 0.00768022 1466.82 16
473 0.000191661 0.000147432 0.000339093 0.000368579 0 0.000368579 1458.25 16
478 0.000153793 0.000124499 0.000278292 0.000190411 0 0.000190411 1450.99 16
484 0.000240463 0.000174883 0.000415346 0.0004955 0 0.0004955 1441.71 16
489 0.000202874 0.000115928 0.000318801 0.0107016 0 0.0107016 1433.42 16
495 0.000154336 0.000118022 0.000272358 0.0104132 0 0.0104132 1425.86 16
