1 0.270363 0.182909 0.453273 0.20946 0.143041 0.3525 19
2 0.0857393 0.0578678 0.143607 0.0441147 0.0303376 0.0744523 19
3 0.0449959 0.0312246 0.0762205 0.0185814 0.0125495 0.0311309 19
4 0.0306712 0.0208765 0.0515477 0.010332 0.00709572 0.0174277 19
5 0.0232346 0.0166491 0.0398837 0.00699785 0.00485575 0.0118536 19
6 0.0190571 0.0125735 0.0316306 0.00504947 0.00343646 0.00848593 19
7 0.0143948 0.0116378 0.0260326 0.00361572 0.00262212 0.00623784 19
8 0.0135278 0.00839737 0.0219252 0.00299319 0.00222879 0.00522198 19
9 0.0114124 0.00775346 0.0191658 0.00249205 0.00179531 0.00428736 19
10 0.0106723 0.0067273 0.0173996 0.00215693 0.00143338 0.00359031 19
11 0.00948692 0.00705589 0.0165428 0.00194339 0.00125142 0.00319481 19
12 0.00859544 0.00606625 0.0146617 0.00162328 0.00110822 0.0027315 19
13 0.00752527 0.0053098 0.0128351 0.00139948 0.000901177 0.00230066 19
14 0.00692365 0.00382298 0.0107466 0.00122924 0.000725894 0.00195513 19
15 0.00634033 0.00403941 0.0103797 0.0011125 0.000699766 0.00181227 19
16 0.00621653 0.00432671 0.0105432 0.00109632 0.000677042 0.00177336 19
17 0.00565905 0.00375132 0.00941037 0.000942453 0.000599471 0.00154192 19
18 0.0059072 0.00389657 0.00980377 0.000808515 0.00048681 0.00129532 19
19 0.00509348 0.00338549 0.00847897 0.000744859 0.000508567 0.00125343 19
20 0.00474897 0.00320556 0.00795453 0.00072336 0.000437929 0.00116129 19
21 0.00407666 0.00304661 0.00712327 0.000618535 0.000418256 0.00103679 19
22 0.00431475 0.00288123 0.00719598 0.00068326 0.000373051 0.00105631 19
23 0.00391189 0.00292698 0.00683886 0.000549783 0.000375439 0.000925222 19
24 0.00410914 0.00261738 0.00672652 0.000569087 0.000311593 0.00088068 19
25 0.00380127 0.00237412 0.00617539 0.000484331 0.000349629 0.00083396 19
26 0.00361901 0.00250446 0.00612347 0.000408835 0.000305119 0.000713955 19
27 0.00375603 0.00237155 0.00612758 0.000439575 0.000304179 0.000743754 19
28 0.00348116 0.00224509 0.00572625 0.000453939 0.000286974 0.000740913 19
29 0.00306262 0.00215747 0.00522009 0.000399721 0.000294954 0.000694675 19
30 0.00322887 0.00212009 0.00534896 0.000386205 0.000249325 0.000635531 19
31 0.00298029 0.00195095 0.00493124 0.000359164 0.000247578 0.000606742 19
32 0.00289259 0.00197542 0.00486801 0.000322189 0.000224532 0.000546721 19
33 0.00275482 0.00196441 0.00471923 0.000349208 0.000230332 0.00057954 19
34 0.00270891 0.00185166 0.00456057 0.000302184 0.000216267 0.000518451 19
35 0.00241701 0.00166029 0.0040773 0.000305559 0.000170263 0.000475821 19
36 0.00246513 0.00180998 0.00427512 0.000319898 0.000197594 0.000517492 19
37 0.00269062 0.00173518 0.0044258 0.000301502 0.000191824 0.000493326 19
38 0.00267234 0.00161862 0.00429096 0.000281554 0.000162723 0.000444277 19
39 0.00228686 0.00167774 0.00396461 0.000245033 0.000176889 0.000421922 19
40 0.00243019 0.00142641 0.0038566 0.000231302 0.000160295 0.000391597 19
41 0.00240309 0.00155679 0.00395988 0.00025754 0.000163874 0.000421414 19
42 0.00206567 0.00159056 0.00365623 0.000204564 0.000140006 0.00034457 19
43 0.00201211 0.00151164 0.00352375 0.000192215 0.00013474 0.000326955 19
44 0.00204947 0.00154467 0.00359414 0.000228887 0.000116607 0.000345494 19
45 0.00201691 0.00152766 0.00354458 0.000192617 0.000149824 0.000342441 19
46 0.00208335 0.00132308 0.00340643 0.000188486 0.000161593 0.00035008 19
47 0.0020507 0.00150385 0.00355455 0.000167778 0.000129829 0.000297607 19
48 0.00207609 0.00110081 0.0031769 0.000195195 0.000118644 0.000313839 19
49 0.00179556 0.00145173 0.00324728 0.000145527 0.000139554 0.000285081 19
50 0.00193743 0.00152905 0.00346648 0.000135319 0.000102921 0.00023824 19
51 0.00168935 0.00125763 0.00294697 0.000169129 9.11055e-05 0.000260234 19
52 0.00159507 0.00115921 0.00275428 0.000136055 0.000134607 0.000270662 19
53 0.00169604 0.00120751 0.00290355 0.000134209 9.31871e-05 0.000227396 19
54 0.00190674 0.00124987 0.00315662 0.000168187 0.000140993 0.000309179 19
55 0.00181295 0.00129883 0.00311178 0.000142992 0.000120838 0.00026383 19
56 0.00156955 0.00121976 0.00278931 0.000128687 9.1016e-05 0.000219703 19
57 0.00176495 0.00119733 0.00296228 0.000141184 0.000118619 0.000259803 19
58 0.00161407 0.00115543 0.0027695 0.00016122 0.000127821 0.000289041 19
59 0.00134312 0.00108148 0.0024246 0.000126477 0.000100472 0.000226949 19
60 0.00170819 0.00108387 0.00279206 8.80606e-05 9.24326e-05 0.000180493 19
61 0.00137962 0.000925458 0.00230508 0.000103087 8.08968e-05 0.000183983 19
62 0.00166171 0.000886245 0.00254796 0.000110147 9.07391e-05 0.000200886 19
63 0.00159306 0.000999898 0.00259296 0.000104057 0.000110417 0.000214475 19
64 0.00150864 0.000921945 0.00243058 9.1843e-05 9.49534e-05 0.000186796 19
65 0.00129165 0.00113331 0.00242496 0.000110065 0.000129968 0.000240033 19
66 0.00135865 0.000969281 0.00232793 7.93794e-05 0.000135363 0.000214743 19
67 0.00135161 0.00103214 0.00238374 0.000115091 8.6563e-05 0.000201654 19
68 0.00147437 0.00100192 0.0024763 0.000126964 7.63896e-05 0.000203353 19
69 0.00132839 0.000923391 0.00225178 0.000103889 6.87619e-05 0.000172651 19
70 0.0011055 0.00100136 0.00210687 7.96517e-05 5.17416e-05 0.000131393 19
71 0.00134596 0.000899961 0.00224592 8.68225e-05 5.1053e-05 0.000137876 19
72 0.00129849 0.000894688 0.00219317 8.14624e-05 6.66523e-05 0.000148115 19
73 0.00118054 0.000857856 0.00203839 8.16567e-05 5.97408e-05 0.000141397 19
74 0.00133846 0.000829687 0.00216814 0.000102373 6.5789e-05 0.000168162 19
75 0.00125384 0.000890072 0.00214391 8.52045e-05 6.4752e-05 0.000149957 19
76 0.0011927 0.000746401 0.0019391 8.24603e-05 8.08964e-05 0.000163357 19
77 0.00111689 0.000925643 0.00204253 8.15506e-05 0.0001188 0.000200351 19
78 0.00116359 0.000889802 0.00205339 7.44556e-05 8.27135e-05 0.000157169 19
79 0.00129357 0.000718652 0.00201222 5.97733e-05 6.54859e-05 0.000125259 19
80 0.0010381 0.000947832 0.00198593 6.41599e-05 3.49154e-05 9.90754e-05 19
81 0.00127893 0.00079279 0.00207173 7.55801e-05 4.45875e-05 0.000120168 19
82 0.00110821 0.000617325 0.00172554 6.62684e-05 7.79303e-05 0.000144199 19
83 0.00104974 0.000709681 0.00175942 7.30733e-05 4.7814e-05 0.000120887 19
84 0.00115373 0.000808348 0.00196208 0.000114131 7.26239e-05 0.000186755 19
85 0.00100817 0.000781701 0.00178988 9.07304e-05 6.26489e-05 0.000153379 19
86 0.00101664 0.000798792 0.00181544 9.06727e-05 5.27407e-05 0.000143413 19
87 0.00109013 0.000577555 0.00166769 8.92472e-05 4.46264e-05 0.000133874 19
88 0.000968665 0.000782108 0.00175077 5.09072e-05 3.91543e-05 9.00615e-05 19
89 0.000905758 0.000770251 0.00167601 5.44987e-05 7.61168e-05 0.000130615 19
90 0.00108521 0.000659635 0.00174484 0.00011246 5.76155e-05 0.000170076 19
91 0.000958861 0.000726196 0.00168506 0.000114882 6.91818e-05 0.000184064 19
92 0.00121317 0.000771378 0.00198454 8.58343e-05 4.39045e-05 0.000129739 19
93 0.000962531 0.000627738 0.00159027 6.78397e-05 5.00645e-05 0.000117904 19
94 0.00103331 0.000686561 0.00171987 4.17168e-05 4.36695e-05 8.53863e-05 19
95 0.00104163 0.000745007 0.00178664 4.92034e-05 4.664e-05 9.58434e-05 19
96 0.000973964 0.000631019 0.00160498 4.37607e-05 7.01535e-05 0.000113914 19
97 0.00105738 0.000743576 0.00180095 4.12254e-05 4.9434e-05 9.06594e-05 19
98 0.000997395 0.00062422 0.00162161 8.31334e-05 4.78399e-05 0.000130973 19
100 0.00100553 0.000512886 0.00151841 7.83263e-05 5.13773e-05 0.000129704 19
101 0.000905657 0.000623897 0.00152955 7.86307e-05 3.31445e-05 0.000111775 19
102 0.000967253 0.000660401 0.00162765 6.96161e-05 4.80552e-05 0.000117671 19
103 0.000828901 0.000610071 0.00143897 4.91004e-05 6.34618e-05 0.000112562 19
104 0.000797501 0.000560228 0.00135773 5.37021e-05 6.76544e-05 0.000121356 19
105 0.000858155 0.000543717 0.00140187 5.77117e-05 3.99792e-05 9.76909e-05 19
107 0.000820692 0.000566668 0.00138736 5.94862e-05 1.90122e-05 7.84984e-05 19
108 0.000880567 0.000615102 0.00149567 6.23188e-05 3.71765e-05 9.94952e-05 19
109 0.000920929 0.000611806 0.00153273 7.82408e-05 4.7908e-05 0.000126149 19
110 0.00084539 0.00065966 0.00150505 8.01098e-05 3.66538e-05 0.000116764 19
112 0.000783185 0.000496654 0.00127984 7.64499e-05 2.25651e-05 9.9015e-05 19
113 0.000917995 0.000538135 0.00145613 7.78611e-05 3.42569e-05 0.000112118 19
114 0.000925792 0.000554216 0.00148001 5.09494e-05 5.01905e-05 0.00010114 19
116 0.000651115 0.000538422 0.00118954 6.89774e-05 3.02059e-05 9.91832e-05 19
117 0.00081529 0.000535229 0.00135052 6.05041e-05 3.78927e-05 9.83968e-05 19
118 0.000996867 0.000520105 0.00151697 3.96003e-05 2.24705e-05 6.20708e-05 19
120 0.000720359 0.00049871 0.00121907 2.67142e-05 3.297e-05 5.96842e-05 19
121 0.000624029 0.00050167 0.0011257 2.89299e-05 3.49151e-05 6.3845e-05 19
123 0.000668799 0.000516799 0.0011856 6.40329e-05 4.13202e-05 0.000105353 19
124 0.000852201 0.000489562 0.00134176 4.03772e-05 3.05831e-05 7.09604e-05 19
125 0.000739578 0.000505078 0.00124466 6.1509e-05 5.19189e-05 0.000113428 19
127 0.000705176 0.000418325 0.0011235 5.38541e-05 3.17347e-05 8.55888e-05 19
128 0.000712767 0.00042172 0.00113449 5.40818e-05 2.29184e-05 7.70002e-05 19
130 0.000679083 0.00045469 0.00113377 3.40794e-05 2.17562e-05 5.58356e-05 19
131 0.000851524 0.000475679 0.0013272 3.64622e-05 2.43477e-05 6.08098e-05 19
133 0.000677685 0.000537474 0.00121516 5.6089e-05 1.59512e-05 7.20402e-05 19
134 0.000528173 0.000493349 0.00102152 3.37671e-05 3.34322e-05 6.71992e-05 19
136 0.000744404 0.000478958 0.00122336 3.21544e-05 3.26412e-05 6.47956e-05 19
138 0.000728813 0.000464833 0.00119365 6.65602e-05 2.58582e-05 9.24183e-05 19
139 0.000667835 0.000519427 0.00118726 4.0322e-05 4.47161e-05 8.50381e-05 19
141 0.000663999 0.000408615 0.00107261 2.56765e-05 2.97689e-05 5.54455e-05 19
142 0.000699672 0.000355478 0.00105515 2.56911e-05 1.54875e-05 4.11786e-05 19
144 0.000605884 0.000353432 0.000959316 3.48363e-05 3.30577e-05 6.7894e-05 19
146 0.000619047 0.000507507 0.00112655 2.59811e-05 1.89968e-05 4.49779e-05 19
147 0.000587632 0.000443496 0.00103113 3.31287e-05 2.59966e-05 5.91253e-05 19
149 0.000622826 0.000424404 0.00104723 2.66965e-05 1.26681e-05 3.93647e-05 19
151 0.000602753 0.000416447 0.0010192 1.73908e-05 2.89258e-05 4.63166e-05 19
153 0.000714068 0.000441523 0.00115559 1.54103e-05 1.1485e-05 2.68952e-05 19
154 0.000596271 0.000411969 0.00100824 2.04015e-05 2.57304e-05 4.6132e-05 19
156 0.000447126 0.000398642 0.000845768 2.9353e-05 2.71487e-06 3.20679e-05 19
158 0.000647807 0.000358703 0.00100651 3.95892e-05 1.35713e-05 5.31605e-05 19
160 0.000607013 0.000420649 0.00102766 3.24001e-05 2.50305e-05 5.74305e-05 19
162 0.00063024 0.000344249 0.000974489 4.53406e-05 2.58868e-05 7.12274e-05 19
164 0.000653306 0.000389876 0.00104318 3.35316e-05 3.10558e-05 6.45874e-05 19
165 0.000492239 0.000340378 0.000832618 3.07138e-05 1.83232e-05 4.90371e-05 19
167 0.000499558 0.000338242 0.0008378 2.99599e-05 1.54019e-05 4.53618e-05 19
169 0.000558457 0.000351621 0.000910078 1.93073e-05 1.64054e-05 3.57127e-05 19
171 0.000529686 0.00033941 0.000869096 3.59126e-05 1.1808e-05 4.77206e-05 19
173 0.000629191 0.000363192 0.000992383 4.72098e-05 3.77844e-06 5.09882e-05 19
175 0.000488227 0.00033057 0.000818797 1.87193e-05 1.57382e-05 3.44575e-05 19
177 0.000485209 0.000277984 0.000763193 3.02446e-05 1.16792e-05 4.19238e-05 19
179 0.000618149 0.000356818 0.000974967 3.60215e-05 1.91817e-05 5.52032e-05 19
181 0.000514954 0.000349969 0.000864922 2.54075e-05 1.52005e-05 4.0608e-05 19
184 0.000526787 0.000332969 0.000859755 2.79756e-05 1.0326e-05 3.83015e-05 19
186 0.000494328 0.000341086 0.000835414 3.05824e-05 9.43585e-06 4.00183e-05 19
188 0.000491285 0.000304596 0.000795881 1.64135e-05 1.26497e-05 2.90632e-05 19
190 0.000424842 0.000327177 0.000752019 1.51938e-05 7.94042e-06 2.31342e-05 19
192 0.000436715 0.000271734 0.000708449 1.30485e-05 4.67791e-06 1.77264e-05 19
194 0.000535477 0.000366633 0.000902109 4.85218e-05 8.01785e-06 5.65397e-05 19
197 0.000470292 0.000345521 0.000815813 1.51228e-05 4.73828e-06 1.98611e-05 19
199 0.000506008 0.000257777 0.000763785 1.64192e-05 1.20753e-05 2.84945e-05 19
201 0.00043184 0.000303712 0.000735552 2.99148e-05 1.65353e-05 4.64502e-05 19
204 0.000419716 0.000353694 0.00077341 1.62887e-05 1.84672e-05 3.47559e-05 19
206 0.000473618 0.000323561 0.000797179 2.02879e-05 2.27256e-05 4.30135e-05 19
208 0.00048533 0.000405998 0.000891328 2.84701e-05 5.47672e-06 3.39468e-05 19
211 0.000538648 0.000306472 0.00084512 1.1248e-05 7.91015e-06 1.91581e-05 19
213 0.000452719 0.000244838 0.000697556 1.31592e-05 8.08078e-06 2.124e-05 19
216 0.000417784 0.000293826 0.00071161 4.96012e-06 1.76689e-05 2.2629e-05 19
218 0.000346747 0.000310247 0.000656994 8.02484e-06 1.48905e-05 2.29153e-05 19
221 0.000462675 0.000290306 0.000752981 1.32122e-05 1.26207e-05 2.58329e-05 19
223 0.000509882 0.000221099 0.000730981 1.46634e-05 9.69516e-06 2.43585e-05 19
226 0.000350072 0.000363537 0.000713609 1.26308e-05 1.37151e-05 2.63459e-05 19
229 0.000365738 0.000276534 0.000642272 1.79123e-05 2.25065e-05 4.04188e-05 19
231 0.00037255 0.000319329 0.000691879 9.93436e-06 1.06902e-05 2.06246e-05 19
234 0.000401438 0.000401438 0.000802876 1.16142e-05 1.36027e-05 2.52169e-05 19
237 0.000430251 0.000351225 0.000781476 5.90515e-06 1.95782e-05 2.54833e-05 19
239 0.000397337 0.000301277 0.000698614 6.73533e-06 1.67105e-05 2.34459e-05 19
242 0.000329938 0.000325597 0.000655536 2.44825e-05 7.48755e-06 3.197e-05 19
245 0.000375555 0.000306488 0.000682043 2.04111e-05 4.37409e-06 2.47852e-05 19
248 0.000403524 0.000291911 0.000695434 2.53943e-06 9.51526e-06 1.20547e-05 19
251 0.000401498 0.000252004 0.000653503 4.37119e-06 2.08021e-05 2.51733e-05 19
254 0.000318542 0.000271822 0.000590364 1.06393e-05 1.56037e-05 2.6243e-05 19
257 0.000333401 0.000278537 0.000611938 3.67659e-06 1.03551e-05 1.40317e-05 19
260 0.000343987 0.000222333 0.00056632 6.18404e-06 6.83767e-06 1.30217e-05 19
263 0.00041297 0.000191885 0.000604855 6.44473e-06 1.21656e-05 1.86103e-05 19
266 0.000311055 0.000240549 0.000551604 1.3912e-05 2.97574e-06 1.68877e-05 19
269 0.000395837 0.000210288 0.000606126 2.0258e-05 5.42777e-06 2.56858e-05 19
272 0.000332234 0.000246099 0.000578333 7.7982e-06 1.35198e-05 2.1318e-05 19
275 0.000354773 0.000277294 0.000632067 8.44586e-06 8.36382e-06 1.68097e-05 19
278 0.000324467 0.000235239 0.000559706 6.94349e-06 1.04175e-05 1.7361e-05 19
281 0.000330787 0.000254141 0.000584927 1.39625e-05 2.32764e-06 1.62901e-05 19
285 0.00036103 0.000224641 0.00058567 2.04167e-05 5.38071e-06 2.57974e-05 19
288 0.000283252 0.000239368 0.00052262 1.57313e-05 1.01391e-05 2.58704e-05 19
291 0.000245795 0.000237866 0.000483661 1.18873e-06 6.46832e-06 7.65706e-06 19
295 0.00029536 0.000196907 0.000492267 1.34037e-05 5.0335e-08 1.3454e-05 19
298 0.000356222 0.000191812 0.000548033 1.00521e-05 6.21336e-06 1.62655e-05 19
301 0.000319333 0.000179138 0.000498471 5.1651e-06 8.44696e-06 1.36121e-05 19
305 0.000271006 0.000209062 0.000480068 1.83749e-05 1.52719e-05 3.36469e-05 19
309 0.000307776 0.000184666 0.000492442 1.62494e-05 3.25428e-06 1.95037e-05 19
312 0.000221682 0.000175817 0.000397499 9.36006e-06 7.32658e-06 1.66866e-05 19
316 0.000315359 0.000208973 0.000524332 8.60152e-06 5.85898e-06 1.44605e-05 19
319 0.000287096 0.000188879 0.000475975 1.49259e-05 1.57305e-05 3.06564e-05 19
323 0.000353321 0.00020673 0.000560051 5.13613e-06 5.03155e-06 1.01677e-05 19
327 0.000254265 0.000265483 0.000519749 9.8767e-06 1.38327e-05 2.37094e-05 19
331 0.000327347 0.000219471 0.000546818 1.35966e-05 9.87082e-06 2.34674e-05 19
334 0.000258945 0.000155367 0.000414312 4.83891e-06 8.90272e-06 1.37416e-05 19
338 0.000253631 0.000154384 0.000408015 1.45929e-05 2.13557e-06 1.67284e-05 19
342 0.000277659 0.000197284 0.000474943 8.18267e-06 6.00517e-06 1.41878e-05 19
346 0.000236095 0.000138025 0.00037412 2.63872e-06 1.40465e-05 1.66852e-05 19
350 0.000183936 0.000183936 0.000367872 1.46751e-05 2.39982e-06 1.70749e-05 19
354 0.000222081 0.000139696 0.000361778 5.86918e-06 1.48935e-05 2.07627e-05 19
358 0.000277665 0.000163751 0.000441416 3.53779e-06 1.30071e-05 1.65449e-05 19
363 0.000247838 0.000198271 0.000446109 6.96452e-06 2.46776e-06 9.43227e-06 19
367 0.000182971 0.000193527 0.000376498 2.03183e-06 1.0111e-05 1.21428e-05 19
371 0.000244774 0.000188826 0.0004336 4.72261e-06 1.2897e-05 1.76197e-05 19
375 0.000229435 0.00014948 0.000378916 2.18789e-05 2.10383e-06 2.39827e-05 19
380 0.000224509 0.000131251 0.00035576 6.23279e-06 2.8383e-06 9.07108e-06 19
384 0.000267807 0.00015107 0.000418877 1.4552e-05 7.91956e-06 2.24716e-05 19
389 0.000218499 0.000170702 0.000389201 6.88779e-06 2.33362e-06 9.22141e-06 19
393 0.000213767 0.000166263 0.000380029 8.73411e-06 3.05511e-06 1.17892e-05 19
398 0.000202322 0.000151741 0.000354063 2.77028e-05 8.28108e-06 3.59839e-05 19
402 0.000237944 0.000137405 0.000375349 1.74636e-05 7.77973e-06 2.52433e-05 19
407 0.000243404 0.000176718 0.000420122 8.04344e-06 1.86954e-05 2.67388e-05 19
412 0.000235423 0.000185686 0.000421108 4.19914e-06 5.99539e-06 1.01945e-05 19
416 0.000174656 0.000125225 0.000299882 5.81789e-06 6.43138e-06 1.22493e-05 19
421 0.000219447 0.000170317 0.000389764 4.69374e-06 1.03995e-05 1.50932e-05 19
426 0.000198617 0.000140009 0.000338627 0 9.82036e-06 9.82036e-06 19
431 0.000252511 0.000142442 0.000394952 1.79474e-06 0 1.79474e-06 19
436 0.000251182 0.000154573 0.000405755 1.23781e-05 4.86655e-06 1.72446e-05 19
441 0.000195415 0.000134548 0.000329963 1.22224e-05 9.15907e-07 1.31383e-05 19
446 0.000184678 0.000146469 0.000331147 0 0 1 19
451 0.000221619 0.000120307 0.000341926 9.7419e-06 0 9.7419e-06 19
457 0.000191978 0.000132181 0.000324159 9.44326e-06 7.78448e-07 1.02217e-05 19
462 0.000181434 0.000131383 0.000312817 6.62233e-06 6.52127e-06 1.31436e-05 19
467 0.000183414 0.000146109 0.000329523 0 3.01989e-06 3.01989e-06 19
473 0.000169906 0.000129746 0.000299652 7.08656e-07 2.45328e-06 3.16194e-06 19
478 0.000221153 0.000144364 0.000365517 2.9398e-06 2.88812e-06 5.82792e-06 19
484 0.000164967 0.000152747 0.000317714 2.83612e-06 3.64529e-07 3.20065e-06 19
489 0.000240076 0.000109402 0.000349478 8.63827e-07 1.53589e-07 1.01742e-06 19
495 0.000178267 0.000114816 0.000293083 5.57628e-06 0 5.57628e-06 19
501 0.000204343 9.91664e-05 0.000303509 8.8004e-06 9.00697e-08 8.89047e-06 19
506 0.000137343 0.000140329 0.000277672 5.7541e-06 8.15434e-06 1.39084e-05 19
512 0.000172099 0.00012759 0.000299689 6.9932e-06 4.33294e-06 1.13261e-05 19
518 0.000171076 0.000126832 0.000297908 0 4.52685e-06 4.52685e-06 19
524 0.00016707 0.000108449 0.000275518 0 1.70196e-06 1.70196e-06 19
530 0.000145664 9.61382e-05 0.000241802 0 2.82379e-06 2.82379e-06 19
537 0.000127314 0.000135995 0.000263309 1.90822e-08 2.3536e-06 2.37268e-06 19
543 0.000207117 0.000106435 0.000313553 4.24918e-06 0 4.24918e-06 19
549 0.000194641 9.73205e-05 0.000291962 1.78702e-05 6.80275e-06 2.46729e-05 19
555 0.000176484 9.39349e-05 0.000270419 2.21113e-05 0 2.21113e-05 19
562 0.000166969 0.000127349 0.000294317 6.93871e-06 8.62725e-06 1.5566e-05 19
568 0.000160371 7.87789e-05 0.00023915 2.54941e-06 1.37615e-06 3.92556e-06 19
575 0.00019309 0.000114734 0.000307824 2.27817e-06 9.06834e-06 1.13465e-05 19
582 0.000175386 0.00012806 0.000303446 0 6.43616e-06 6.43616e-06 19
588 0.000107921 0.000107921 0.000215842 6.23526e-06 1.4159e-06 7.65116e-06 19
595 0.000156723 0.000107231 0.000263954 4.28787e-06 9.0514e-07 5.19301e-06 19
602 0.000131163 0.000103837 0.000235 9.29259e-06 4.4377e-07 9.73636e-06 19
609 0.000135796 9.23414e-05 0.000228138 7.27758e-06 1.56353e-06 8.84111e-06 19
616 0.000186335 0.000108021 0.000294356 1.23507e-05 0 1.23507e-05 19
623 0.000158538 0.000115544 0.000274082 9.06946e-06 0 9.06946e-06 19
630 0.000114817 9.34557e-05 0.000208273 1.01962e-06 0 1.01962e-06 19
638 0.0001327 9.55442e-05 0.000228244 8.5463e-06 2.67765e-07 8.81406e-06 19
645 0.000134519 0.00010023 0.000234749 4.72152e-06 9.78144e-07 5.69967e-06 19
653 0.000136377 9.44148e-05 0.000230792 4.23093e-06 5.02709e-06 9.25802e-06 19
660 0.000140822 0.000112136 0.000252959 7.71202e-06 6.45838e-06 1.41704e-05 19
668 0.000124385 0.000103654 0.00022804 1.75623e-06 1.23939e-05 1.41501e-05 19
676 0.000139176 0.000108248 0.000247424 2.36156e-06 0 2.36156e-06 19
683 0.000110221 0.000120474 0.000230695 1.7028e-05 3.72364e-06 2.07516e-05 19
691 0.000109513 9.93256e-05 0.000208838 1.27176e-05 0 1.27176e-05 19
699 0.000131585 9.3628e-05 0.000225213 2.63763e-06 0 2.63763e-06 19
707 0.000105669 0.000115733 0.000221401 0 1.72938e-06 1.72938e-06 19
716 0.000105016 9.75146e-05 0.00020253 0 2.61327e-06 2.61327e-06 19
724 0.000126743 8.94659e-05 0.000216209 4.11997e-06 1.46312e-06 5.5831e-06 19
732 0.000138399 0.00010627 0.000244669 4.73538e-06 1.40457e-06 6.13994e-06 19
741 0.000113084 0.000100792 0.000213876 3.133e-07 3.93606e-06 4.24935e-06 19
749 0.000129535 8.55419e-05 0.000215077 0 4.22482e-07 4.22482e-07 19
758 0.000143486 0.000102142 0.000245628 8.32979e-07 4.99891e-06 5.83189e-06 19
767 0.00013791 8.22623e-05 0.000220173 6.83842e-07 0 6.83842e-07 19
776 0.000113093 7.69995e-05 0.000190093 8.36637e-07 0 8.36637e-07 19
785 9.5635e-05 8.84624e-05 0.000184097 0 1.71208e-06 1.71208e-06 19
794 0.000109341 8.08171e-05 0.000190158 3.64653e-06 2.63882e-07 3.91041e-06 19
803 0.000103891 7.31962e-05 0.000177088 1.66574e-06 3.64424e-06 5.30997e-06 19
812 0.000110341 7.74733e-05 0.000187814 1.11852e-06 1.33831e-06 2.45683e-06 19
822 0.000112048 9.10394e-05 0.000203088 1.12815e-06 6.73081e-07 1.80123e-06 19
831 0.000111412 7.42745e-05 0.000185686 4.48814e-06 0 4.48814e-06 19
841 0.000108475 7.8471e-05 0.000186946 0 1.17583e-06 1.17583e-06 19
851 0.00012388 5.9646e-05 0.000183526 2.70453e-07 1.43111e-07 4.13564e-07 19
860 0.000123252 6.61912e-05 0.000189444 2.46254e-06 0 2.46254e-06 19
870 0.000108915 5.67264e-05 0.000165641 1.97813e-06 3.12207e-06 5.1002e-06 19
881 0.000124155 7.67505e-05 0.000200906 1.54358e-06 4.88225e-06 6.42583e-06 19
891 0.000137099 8.09111e-05 0.00021801 5.94374e-06 0 5.94374e-06 19
901 0.000127441 5.81308e-05 0.000185571 9.45318e-08 0 9.45318e-08 19
912 8.00879e-05 8.23126e-05 0.000162401 2.70516e-06 3.1707e-07 3.02223e-06 19
922 7.2913e-05 8.1751e-05 0.000154664 5.07057e-06 0 5.07057e-06 19
933 9.87758e-05 4.60954e-05 0.000144871 4.25524e-06 0 4.25524e-06 19
944 0.000115655 6.98295e-05 0.000185485 1.48099e-06 1.45564e-06 2.93664e-06 19
954 8.90006e-05 6.29517e-05 0.000151952 2.45145e-06 7.09026e-06 9.54171e-06 19
966 7.76394e-05 5.39163e-05 0.000131556 8.78608e-07 0 8.78608e-07 19
977 0.000107214 6.004e-05 0.000167254 2.21255e-06 4.81723e-06 7.02978e-06 19
988 9.59274e-05 7.24784e-05 0.000168406 2.05002e-06 2.13979e-06 4.18981e-06 19
1000 0 0 1 0 0 1 19
