1 0.279889 0.180908 0.460797 0.209207 0.143842 0.353049 11
2 0.0912742 0.0580332 0.149307 0.044227 0.0307616 0.0749886 11
3 0.0443344 0.0298314 0.0741658 0.0183526 0.0129311 0.0312837 11
4 0.0294087 0.0234644 0.0528731 0.0104377 0.00714792 0.0175856 11
5 0.024744 0.0167804 0.0415245 0.0070014 0.00469008 0.0116915 11
6 0.0192845 0.0133508 0.0326353 0.00512782 0.00346208 0.00858991 11
7 0.015963 0.0102099 0.0261729 0.00373225 0.00255811 0.00629036 11
8 0.0123834 0.00955511 0.0219385 0.00296467 0.00199848 0.00496315 11
9 0.0123698 0.0072338 0.0196036 0.00266384 0.0016705 0.00433434 11
10 0.0100724 0.00703691 0.0171093 0.00218602 0.0015678 0.00375382 11
11 0.00868364 0.00598645 0.0146701 0.00190299 0.00121116 0.00311416 11
12 0.00796007 0.00549624 0.0134563 0.00164779 0.00100024 0.00264803 11
13 0.00839263 0.00589917 0.0142918 0.00123963 0.000864778 0.00210441 11
14 0.00760901 0.00503366 0.0126427 0.00113958 0.000569812 0.00170939 11
15 0.00594362 0.00390581 0.00984943 0.001003 0.000776934 0.00177994 11
16 0.00632355 0.0039041 0.0102276 0.00105671 0.000539117 0.00159582 11
17 0.00642933 0.00356004 0.00998937 0.000983753 0.000524174 0.00150793 11
18 0.00630133 0.00449357 0.0107949 0.000915616 0.000423554 0.00133917 11
19 0.00581102 0.00328449 0.0090955 0.000770009 0.000432753 0.00120276 11
20 0.00492902 0.00359819 0.00852721 0.000687091 0.000381037 0.00106813 11
21 0.00366336 0.00409718 0.00776053 0.000652553 0.000361753 0.00101431 11
22 0.00489988 0.00315665 0.00805654 0.000648522 0.000418388 0.00106691 11
23 0.00437949 0.0033653 0.00774479 0.000662755 0.000436594 0.00109935 11
24 0.00401262 0.00311091 0.00712353 0.000566944 0.000475714 0.00104266 11
25 0.00372555 0.00261676 0.00634231 0.000563615 0.000383057 0.000946671 11
26 0.00353511 0.00253131 0.00606643 0.00059466 0.000361874 0.000956534 11
27 0.0040548 0.00149388 0.00554868 0.00046895 0.000260561 0.000729511 11
28 0.00344263 0.00260296 0.00604559 0.000280005 0.00025503 0.000535035 11
29 0.00280574 0.00222809 0.00503383 0.000332422 0.000307945 0.000640367 11
30 0.00291628 0.00222771 0.00514399 0.000402876 0.000175058 0.000577935 11
31 0.00310646 0.00195149 0.00505795 0.000404106 0.000254819 0.000658926 11
32 0.00293611 0.00164422 0.00458033 0.000412599 0.000105115 0.000517714 11
33 0.00286267 0.00197292 0.00483559 0.000344357 0.000219969 0.000564326 11
34 0.00304044 0.0020903 0.00513074 0.000331723 0.000258094 0.000589817 11
35 0.00270891 0.0020693 0.00477821 0.000262595 0.000325003 0.000587598 11
36 0.00307134 0.00140616 0.0044775 0.000411989 0.000203842 0.000615831 11
37 0.00248856 0.00175663 0.0042452 0.000296246 0.000152661 0.000448907 11
38 0.00296607 0.00202561 0.00499168 0.000265549 0.000201695 0.000467244 11
39 0.00212977 0.00138435 0.00351413 0.000228763 0.000152508 0.00038127 11
40 0.00206872 0.00147265 0.00354137 0.000270712 0.000147242 0.000417954 11
41 0.00231922 0.00169615 0.00401537 0.000225278 0.000177453 0.00040273 11
42 0.00205402 0.00133511 0.00338913 0.000173669 0.000115443 0.000289112 11
43 0.00226696 0.00142108 0.00368804 0.000281064 0.000132725 0.000413789 11
44 0.00210801 0.0011042 0.00321221 0.00015415 8.60912e-05 0.000240242 11
45 0.00224927 0.00129002 0.0035393 0.000219004 0.000119193 0.000338197 11
46 0.00206226 0.00127664 0.0033389 0.000245708 0.000113874 0.000359582 11
47 0.00210458 0.00132751 0.00343209 0.000130856 0.000188692 0.000319549 11
48 0.00153733 0.00128111 0.00281844 0.000185095 0.000110829 0.000295924 11
49 0.00199411 0.00142437 0.00341848 0.000176367 0.000188962 0.000365329 11
50 0.00188846 0.00119602 0.00308448 0.000148693 0.00013557 0.000284263 11
51 0.00155463 0.00158572 0.00314035 0.000132682 8.83316e-05 0.000221014 11
52 0.00206192 0.00126177 0.00332369 0.000112325 0.000100942 0.000213267 11
53 0.00202113 0.00137804 0.00339917 8.98654e-05 6.63351e-05 0.0001562 11
54 0.00151511 0.00130299 0.0028181 0.000190211 0.000184406 0.000374617 11
55 0.00176694 0.00110808 0.00287503 0.000158811 9.19323e-05 0.000250743 11
56 0.00184612 0.00107194 0.00291806 0.000128918 0.000114032 0.00024295 11
57 0.00147301 0.00129625 0.00276927 0.000169162 7.57383e-05 0.0002449 11
58 0.00155257 0.00134751 0.00290008 8.1169e-05 7.95252e-05 0.000160694 11
59 0.00141959 0.00115885 0.00257844 2.29904e-05 8.00956e-05 0.000103086 11
60 0.00172851 0.00103711 0.00276561 3.57362e-05 6.31954e-05 9.89316e-05 11
61 0.00105251 0.0011663 0.00221881 8.84779e-05 5.06874e-05 0.000139165 11
62 0.00147005 0.00110254 0.00257258 0.000105722 0.000120721 0.000226443 11
63 0.00146187 0.000815271 0.00227714 0.000127134 0.000128337 0.000255471 11
64 0.00125083 0.00113965 0.00239048 0.000152161 0.000118177 0.000270338 11
65 0.00146474 0.00107782 0.00254256 0.000127402 8.74329e-05 0.000214835 11
66 0.00129107 0.00104384 0.00233491 0.000143012 7.43134e-05 0.000217325 11
67 0.00122087 0.000895304 0.00211617 0.000114446 6.7305e-05 0.000181751 11
68 0.0017809 0.000971398 0.00275229 7.21777e-05 5.4537e-05 0.000126715 11
69 0.00110055 0.00110055 0.00220111 5.33421e-05 3.65719e-05 8.99141e-05 11
70 0.00106199 0.00108854 0.00215054 4.85534e-05 1.1178e-05 5.97314e-05 11
71 0.00124007 0.00110815 0.00234822 4.85372e-05 8.72408e-05 0.000135778 11
72 0.00120729 0.00123353 0.00244082 9.76052e-05 3.45481e-05 0.000132153 11
73 0.00125218 0.00112175 0.00237393 0.000147717 4.97954e-05 0.000197513 11
74 0.00116756 0.000570806 0.00173836 0.000112875 6.98534e-05 0.000182728 11
75 0.0015926 0.0010018 0.0025944 0.000130051 2.90354e-05 0.000159086 11
76 0.00150864 0.000843817 0.00235246 0.000172502 5.48182e-05 0.00022732 11
77 0.00147538 0.000763126 0.0022385 0.000142169 4.31663e-05 0.000185335 11
78 0.00121451 0.000506047 0.00172056 0.000158484 0.000233515 0.000391998 11
79 0.00133424 0.000730056 0.0020643 7.95705e-05 0.000188036 0.000267606 11
80 0.001377 0.000701016 0.00207801 9.11025e-05 9.4702e-05 0.000185804 11
81 0.00144487 0.00079717 0.00224204 6.04493e-05 5.7003e-05 0.000117452 11
82 0.00136334 0.000818006 0.00218135 7.65937e-05 4.35644e-05 0.000120158 11
83 0.00130793 0.00106115 0.00236908 3.41046e-05 6.85731e-05 0.000102678 11
84 0.000809677 0.000686999 0.00149668 3.13835e-05 2.16662e-05 5.30497e-05 11
85 0.000974968 0.000804348 0.00177932 1.84721e-05 5.50301e-05 7.35022e-05 11
86 0.00130887 0.000484766 0.00179364 6.13485e-05 1.66218e-05 7.79704e-05 11
87 0.00115724 0.000819712 0.00197695 9.23511e-05 2.84482e-05 0.000120799 11
88 0.00100671 0.00071908 0.00172579 8.31775e-05 1.63422e-05 9.95198e-05 11
89 0.000785752 0.000809562 0.00159531 6.29812e-05 2.33518e-05 8.63329e-05 11
90 0.0010177 0.000733693 0.0017514 6.9756e-05 4.29374e-05 0.000112693 11
91 0.000823045 0.000587889 0.00141093 8.19189e-05 3.12473e-05 0.000113166 11
92 0.000981836 0.000748066 0.0017299 8.36464e-05 5.91811e-06 8.95645e-05 11
93 0.00095258 0.000534374 0.00148695 8.27696e-05 3.89576e-05 0.000121727 11
94 0.00115484 0.000485033 0.00163987 3.85769e-05 7.06588e-05 0.000109236 11
95 0.000849715 0.000643028 0.00149274 9.46584e-05 6.68092e-05 0.000161468 11
96 0.000958663 0.00068476 0.00164342 5.13966e-05 1.8897e-06 5.32863e-05 11
97 0.00129492 0.000681539 0.00197646 8.09924e-05 2.56122e-05 0.000106605 11
98 0.00104032 0.000814166 0.00185449 9.08213e-05 6.17911e-05 0.000152612 11
100 0.00119227 0.000584887 0.00177716 2.88934e-05 5.16384e-05 8.05318e-05 11
101 0.000805658 0.000626623 0.00143228 4.62633e-05 5.83734e-05 0.000104637 11
102 0.000934226 0.000533843 0.00146807 6.65633e-05 2.78937e-05 9.44569e-05 11
103 0.000862527 0.000707714 0.00157024 5.12995e-05 6.08797e-05 0.000112179 11
104 0.000879662 0.000835679 0.00171534 1.87774e-05 3.30854e-05 5.18628e-05 11
105 0.00078704 0.000524693 0.00131173 1.53816e-05 3.63916e-05 5.17733e-05 11
107 0.00100028 0.000543632 0.00154391 6.76795e-05 4.3098e-05 0.000110777 11
108 0.00103822 0.000583998 0.00162222 6.05356e-05 2.76069e-05 8.81425e-05 11
109 0.000753093 0.000473373 0.00122647 3.61892e-05 2.07028e-05 5.6892e-05 11
110 0.000855121 0.000577207 0.00143233 9.05112e-05 2.23637e-05 0.000112875 11
112 0.000807737 0.000552662 0.0013604 2.66937e-05 2.62488e-05 5.29426e-05 11
113 0.00118448 0.000486484 0.00167097 3.32844e-05 1.83821e-05 5.16664e-05 11
114 0.000841963 0.000568325 0.00141029 3.86005e-05 1.56233e-05 5.42238e-05 11
116 0.00113212 0.000775714 0.00190784 2.41394e-05 6.54419e-05 8.95813e-05 11
117 0.000751205 0.000542537 0.00129374 3.43781e-06 6.90934e-05 7.25312e-05 11
118 0.000975347 0.000643314 0.00161866 1.43203e-05 4.02801e-05 5.46004e-05 11
120 0.000888301 0.000619745 0.00150805 2.8542e-05 3.60088e-05 6.45507e-05 11
121 0.000822436 0.000760753 0.00158319 2.95781e-05 3.93591e-05 6.89372e-05 11
123 0.000797367 0.000408906 0.00120627 4.50104e-05 2.31432e-05 6.81535e-05 11
124 0.000690973 0.000304841 0.000995814 1.76829e-05 1.70994e-05 3.47824e-05 11
125 0.000807901 0.000444346 0.00125225 1.27998e-06 4.74616e-05 4.87416e-05 11
127 0.00062264 0.000723066 0.00134571 7.04844e-06 1.92695e-05 2.6318e-05 11
128 0.000658893 0.000539094 0.00119799 2.81258e-05 9.61306e-06 3.77389e-05 11
130 0.000933429 0.000456784 0.00139021 5.05537e-05 1.47143e-05 6.52681e-05 11
131 0.000691413 0.000434602 0.00112601 6.35897e-05 2.68862e-05 9.04759e-05 11
133 0.000844678 0.000432161 0.00127684 4.77328e-05 1.16795e-05 5.94123e-05 11
134 0.000762344 0.000390946 0.00115329 6.43175e-06 9.71736e-06 1.61491e-05 11
136 0.000679915 0.00050508 0.001185 4.82264e-06 2.23962e-05 2.72188e-05 11
138 0.000598652 0.000463473 0.00106212 2.00182e-05 3.69407e-05 5.69588e-05 11
139 0.000652579 0.000364676 0.00101725 1.84148e-05 2.09192e-06 2.05068e-05 11
141 0.000725052 0.000381607 0.00110666 1.80013e-05 0 1.80013e-05 11
142 0.00068341 0.000379672 0.00106308 1.09285e-05 6.74421e-07 1.16029e-05 11
144 0.000527894 0.000358213 0.000886107 2.69188e-05 1.17344e-05 3.86532e-05 11
146 0.00065634 0.000525072 0.00118141 1.79622e-05 4.79964e-06 2.27619e-05 11
147 0.000447286 0.000559107 0.00100639 2.24997e-05 3.55678e-05 5.80676e-05 11
149 0.000574117 0.000351878 0.000925995 6.00528e-05 7.14732e-06 6.72001e-05 11
151 0.000570304 0.00029435 0.000864654 1.30596e-05 5.09321e-05 6.39917e-05 11
153 0.000677222 0.000457582 0.0011348 2.6061e-05 4.30587e-05 6.91198e-05 11
154 0.000563995 0.000454835 0.00101883 4.38025e-05 4.62426e-05 9.00451e-05 11
156 0.000651254 0.000524621 0.00117587 4.46198e-05 4.75999e-06 4.93798e-05 11
158 0.00050367 0.000341776 0.000845445 5.96471e-05 8.60153e-06 6.82486e-05 11
160 0.000608033 0.00037555 0.000983583 2.32517e-05 1.15423e-05 3.4794e-05 11
162 0.000515574 0.00033779 0.000853364 1.04549e-05 4.5166e-05 5.56209e-05 11
164 0.000583204 0.000353457 0.000936661 1.57819e-05 2.1109e-05 3.68909e-05 11
165 0.00043909 0.000474217 0.000913306 2.79314e-05 1.9616e-05 4.75473e-05 11
167 0.000453792 0.000488699 0.000942491 1.16309e-05 1.88994e-05 3.05302e-05 11
169 0.000625076 0.000347264 0.00097234 2.61327e-05 5.53168e-05 8.14496e-05 11
171 0.000483225 0.000448709 0.000931934 1.97505e-05 0 1.97505e-05 11
173 0.000428581 0.000308578 0.00073716 4.21522e-05 0 4.21522e-05 11
175 0.000528451 0.000306843 0.000835294 6.51384e-05 0 6.51384e-05 11
177 0.000559151 0.000288048 0.000847199 2.09438e-05 2.00404e-05 4.09841e-05 11
179 0.000370358 0.000370358 0.000740716 2.19489e-06 2.33487e-05 2.55436e-05 11
181 0.000535135 0.000384628 0.000919763 2.8058e-05 1.11781e-06 2.91759e-05 11
184 0.000582353 0.000316135 0.000898488 4.63276e-05 1.91619e-05 6.54894e-05 11
186 0.00051322 0.000231777 0.000744996 6.85172e-05 1.91955e-06 7.04368e-05 11
188 0.000411049 0.000213745 0.000624794 1.61238e-05 1.49906e-05 3.11144e-05 11
190 0.000522671 0.000294002 0.000816673 3.22521e-05 3.47471e-05 6.69992e-05 11
192 0.00040624 0.000454989 0.000861228 3.06073e-05 4.63245e-05 7.69318e-05 11
194 0.00040348 0.00038734 0.00079082 1.25724e-05 1.56069e-05 2.81793e-05 11
197 0.000561852 0.000321058 0.00088291 3.88427e-06 0 3.88427e-06 11
199 0.000351028 0.000319117 0.000670145 8.09025e-06 5.8899e-06 1.39801e-05 11
201 0.00050759 0.000333106 0.000840696 3.79322e-05 0 3.79322e-05 11
204 0.000363102 0.000520973 0.000884076 2.62032e-05 4.04111e-06 3.02444e-05 11
206 0.000423563 0.000266688 0.00069025 6.38802e-05 1.99586e-05 8.38388e-05 11
208 0.000468092 0.000327664 0.000795756 1.68526e-05 5.55903e-05 7.24429e-05 11
211 0.000418884 0.000356827 0.000775711 1.28859e-05 2.41454e-05 3.70313e-05 11
213 0.000493218 0.000169544 0.000662762 4.09155e-06 8.39556e-06 1.24871e-05 11
216 0.000644953 0.000184272 0.000829226 0 5.18931e-06 5.18931e-06 11
218 0.000504333 0.000290373 0.000794706 0 0 1 11
221 0.000379662 0.000288543 0.000668206 4.67003e-06 2.82263e-06 7.49266e-06 11
223 0.000332191 0.00036239 0.000694581 7.34357e-06 3.81891e-05 4.55326e-05 11
226 0.000585779 0.00031542 0.000901199 8.13088e-06 1.45947e-05 2.27256e-05 11
229 0.000269026 0.000343756 0.000612782 1.36556e-05 2.54203e-05 3.90759e-05 11
231 0.000430689 0.000267324 0.000698013 2.01168e-05 0 2.01168e-05 11
234 0.000384002 0.000324925 0.000708927 7.22922e-09 0 7.22922e-09 11
237 0.00054371 0.000293897 0.000837607 1.356e-05 1.36004e-05 2.71604e-05 11
239 0.00046848 0.00038064 0.00084912 0 9.2334e-06 9.2334e-06 11
242 0.000291019 7.27548e-05 0.000363774 4.80915e-06 0 4.80915e-06 11
245 0.000346706 0.000158907 0.000505612 1.60758e-05 0 1.60758e-05 11
248 0.000574837 0.000215564 0.0007904 0 0 1 11
251 0.000271626 0.00025733 0.000528957 5.79135e-06 1.64728e-06 7.43863e-06 11
254 0.00031234 0.000212959 0.0005253 0 2.56877e-05 2.56877e-05 11
257 0.000338691 0.000268131 0.000606822 4.83047e-05 0 4.83047e-05 11
260 0.000280387 0.000154213 0.0004346 1.31498e-05 2.52294e-05 3.83793e-05 11
263 0.000334271 0.000181064 0.000515335 1.26953e-05 7.21868e-06 1.99139e-05 11
266 0.000415265 0.000207633 0.000622898 0 2.08285e-05 2.08285e-05 11
269 0.000247702 0.000137612 0.000385314 0 1.09235e-05 1.09235e-05 11
272 0.000396467 0.000205069 0.000601537 0 0 1 11
275 0.000353698 0.000408113 0.000761811 0 1.90913e-05 1.90913e-05 11
278 0.000352032 0.000189555 0.000541587 2.42089e-05 0 2.42089e-05 11
281 0.000376927 0.000201925 0.000578852 1.53468e-06 0 1.53468e-06 11
285 0.000187276 0.00025416 0.000441436 0 0 1 11
288 0.000305709 0.000265834 0.000571543 6.72028e-06 0 6.72028e-06 11
291 0.000277316 0.000211288 0.000488604 1.25857e-05 6.56491e-06 1.91506e-05 11
295 0.000275659 0.00015752 0.000433179 0 1.68407e-05 1.68407e-05 11
298 0.000247631 0.000247631 0.000495262 0 8.51323e-06 8.51323e-06 11
301 0.000389322 0.000285503 0.000674825 9.92221e-06 3.04413e-05 4.03636e-05 11
305 0.000283768 0.000116087 0.000399856 9.93946e-06 1.06717e-06 1.10066e-05 11
309 0.000256226 0.000153736 0.000409962 1.01065e-05 3.17102e-06 1.32775e-05 11
312 0.000305736 0.000216563 0.0005223 6.96121e-09 2.00521e-06 2.01217e-06 11
316 0.000189881 0.000253174 0.000443055 0 7.6938e-06 7.6938e-06 11
319 0.000302031 0.000264277 0.000566308 1.86522e-05 0 1.86522e-05 11
323 0.000287791 0.000212715 0.000500507 1.92231e-05 1.57135e-05 3.49366e-05 11
327 0.000198918 0.000223783 0.000422702 9.9308e-06 1.61899e-05 2.61207e-05 11
331 0.000333758 0.000148337 0.000482095 0 0 1 11
334 0.000270433 0.000159801 0.000430234 2.80402e-06 2.14579e-06 4.94981e-06 11
338 0.000268824 0.000146631 0.000415455 3.26683e-05 0 3.26683e-05 11
342 0.000230496 0.000206233 0.000436729 2.40863e-06 1.27966e-05 1.52052e-05 11
346 0.00031412 0.000302038 0.000616158 0 2.32119e-05 2.32119e-05 11
350 0.000240177 0.000156115 0.000396292 0 4.46862e-06 4.46862e-06 11
354 0.000179109 0.000167168 0.000346277 0 0 1 11
358 0.000260818 0.000118554 0.000379372 2.99587e-05 0 2.99587e-05 11
363 0.000342025 0.000212292 0.000554317 7.37137e-07 4.23567e-06 4.97281e-06 11
367 0.000152401 0.000140678 0.00029308 2.85344e-06 9.4804e-06 1.23338e-05 11
371 0.000232783 0.000104752 0.000337535 0 0 1 11
375 0.000231431 0.00015043 0.00038186 0 1.68368e-05 1.68368e-05 11
380 0.000218341 0.000126408 0.000344748 0 1.71761e-05 1.71761e-05 11
384 0.000193971 0.000136921 0.000330892 1.86132e-05 1.12242e-05 2.98374e-05 11
389 0.000306665 0.000147653 0.000454318 8.21509e-06 2.4447e-06 1.06598e-05 11
393 0.000248604 0.000271205 0.000519809 0 0 1 11
398 0.000202281 0.000112378 0.00031466 0 4.18763e-07 4.18763e-07 11
402 0.000223341 0.000134005 0.000357346 5.35983e-06 0 5.35983e-06 11
407 0.00040024 0.000177885 0.000578125 1.48688e-05 2.75676e-06 1.76255e-05 11
412 0.000199181 0.000143853 0.000343034 0 1.50073e-05 1.50073e-05 11
416 0.000186953 0.000186953 0.000373906 1.37362e-05 2.97775e-07 1.40339e-05 11
421 0.000207777 0.000142164 0.000349941 1.09265e-05 0 1.09265e-05 11
426 0.000141205 0.000162928 0.000304133 8.19812e-06 0 8.19812e-06 11
431 0.000237594 0.000226794 0.000464388 9.45402e-06 4.39262e-06 1.38466e-05 11
436 0.000128743 7.51e-05 0.000203843 0 0 1 11
441 0.000202563 0.000170579 0.000373142 0 9.33754e-06 9.33754e-06 11
446 0.000201393 0.000116596 0.000317989 0 0 1 11
451 0.000178978 9.47528e-05 0.00027373 1.30567e-05 0 1.30567e-05 11
457 0.000177815 0.000115057 0.000292872 0 0 1 11
462 0.000135028 0.000114255 0.000249283 6.7246e-06 1.30435e-05 1.97681e-05 11
467 0.000237437 0.000206467 0.000443903 0 8.67639e-06 8.67639e-06 11
473 0.000246804 0.000123402 0.000370207 6.19178e-07 4.52249e-06 5.14167e-06 11
478 0.000225223 0.000194511 0.000419734 1.96447e-06 2.18173e-06 4.1462e-06 11
484 0.00020354 7.12388e-05 0.000274778 0 0 1 11
489 0.000232827 0.000212581 0.000445407 6.11249e-06 3.34494e-06 9.45743e-06 11
495 0.000190423 7.61692e-05 0.000266592 0 0 1 11
