1 0.218604 0.325191 0.543795 17105.4 25038.9 42144.3 87559.1 3
2 0.0646819 0.102605 0.167287 2450.2 3642.36 6092.56 60377.3 3
3 0.0358049 0.0493809 0.0851857 819.263 1199.63 2018.89 47918.2 3
4 0.0240264 0.0376238 0.0616502 427.537 585.409 1012.95 40611.2 3
5 0.0180968 0.027325 0.0454219 238.714 344.84 583.553 35945.3 3
6 0.0143093 0.0186021 0.0329114 160.164 211.058 371.221 32548.6 3
7 0.0127062 0.0160877 0.0287939 104.352 145.189 249.542 29762.1 3
8 0.00868558 0.0140899 0.0227755 83.6471 114.031 197.678 27840.6 3
9 0.00980572 0.0147544 0.0245601 63.9176 96.1841 160.102 26132.2 3
10 0.0082175 0.0127634 0.0209809 43.9455 74.5086 118.454 24694.6 3
11 0.00722651 0.0112136 0.0184401 36.3521 53.0856 89.4377 23429.8 3
12 0.00677723 0.0100462 0.0168235 32.0365 46.0171 78.0537 22521.1 3
13 0.00498428 0.00682463 0.0118089 27.192 38.4342 65.6262 21606.1 3
14 0.00611869 0.00818282 0.0143015 23.3028 31.2054 54.5082 20734.7 3
15 0.00521094 0.00835177 0.0135627 19.7384 27.1672 46.9056 19982.1 3
16 0.00500139 0.0055571 0.0105585 18.9298 23.0811 42.0109 19387.8 3
17 0.00389864 0.006789 0.0106876 13.3381 24.8613 38.1994 18697.9 3
18 0.00378516 0.00509039 0.00887555 11.3723 19.3611 30.7333 18180.7 3
19 0.00401991 0.00593415 0.00995406 14.1831 20.2385 34.4216 17758.3 3
20 0.00384854 0.00564867 0.00949721 9.47685 19.629 29.1058 17231.6 3
21 0.00431061 0.00497845 0.00928905 9.90875 13.8528 23.7615 16826.8 3
22 0.00302707 0.00468898 0.00771605 7.7719 13.5786 21.3505 16435.8 3
23 0.00313007 0.00388361 0.00701368 7.6947 12.7492 20.4439 16073.1 3
24 0.00328891 0.00436632 0.00765523 8.18877 10.1155 18.3042 15690.4 3
25 0.00234153 0.0044043 0.00674583 8.87467 9.14177 18.0164 15416.9 3
26 0.00257196 0.00404947 0.00662143 9.14042 10.0978 19.2382 15174 3
27 0.00283498 0.00342338 0.00625836 7.61696 7.47687 15.0938 14824.5 3
28 0.00257691 0.00436498 0.00694189 6.98149 5.23003 12.2115 14566.5 3
29 0.00227755 0.00439981 0.00667736 5.35054 7.69289 13.0434 14296.5 3
30 0.00269775 0.00341036 0.00610811 4.88283 6.28026 11.1631 14045.8 3
31 0.00205267 0.00260338 0.00465605 5.21813 5.02769 10.2458 13795.5 3
32 0.0024132 0.00423541 0.00664861 6.00616 7.29377 13.2999 13547.6 3
33 0.00219384 0.00370515 0.00589899 5.4786 5.35569 10.8343 13373.7 3
34 0.00283041 0.00297433 0.00580475 4.40768 6.27829 10.686 13129.9 3
35 0.00170713 0.00289264 0.00459977 2.8961 5.55041 8.44651 12980.1 3
36 0.00162821 0.00265166 0.00427987 3.00274 6.32755 9.33029 12781.7 3
37 0.00225401 0.00299002 0.00524403 2.12245 6.09071 8.21317 12631.6 3
38 0.00209148 0.00331909 0.00541057 3.7176 3.91207 7.62967 12489.7 3
39 0.00169954 0.00259403 0.00429357 2.5379 2.866 5.40391 12266.5 3
40 0.00203351 0.00234296 0.00437646 2.70443 3.53729 6.24172 12127.6 3
41 0.00157377 0.00257923 0.00415301 2.27449 2.50885 4.78334 11984.7 3
42 0.00177336 0.00220588 0.00397924 2.99217 3.31263 6.3048 11837.7 3
43 0.00179326 0.00243371 0.00422698 2.33235 3.20213 5.53448 11718.2 3
44 0.00135038 0.00206777 0.00341815 1.6719 3.39165 5.06355 11586.5 3
45 0.0017099 0.00225206 0.00396197 2.18855 2.22291 4.41146 11456.5 3
46 0.0020207 0.00235061 0.00437131 1.40459 3.86131 5.26591 11323.1 3
47 0.00154976 0.00199837 0.00354812 1.76101 3.6022 5.36321 11189.2 3
48 0.00153189 0.00205595 0.00358784 2.11691 1.73833 3.85524 11061.9 3
49 0.00135431 0.00227046 0.00362478 1.29472 2.65875 3.95348 10940.1 3
50 0.00126698 0.00197965 0.00324662 1.1124 2.27889 3.3913 10879.9 3
51 0.00117371 0.00230829 0.003482 1.55458 2.93533 4.48991 10760.4 3
52 0.00170338 0.00185823 0.00356161 1.59053 2.59405 4.18458 10626.6 3
53 0.0017335 0.00219577 0.00392927 2.12373 2.70615 4.82989 10556.9 3
54 0.0012559 0.00239763 0.00365352 2.09256 2.50754 4.60009 10442.4 3
55 0.000827348 0.0016547 0.00248204 0.478169 3.10635 3.58452 10327.5 3
56 0.00130768 0.00127032 0.00257799 1.17997 2.84125 4.02122 10276.2 3
57 0.00151359 0.00169817 0.00321175 1.05645 2.33926 3.39571 10163.4 3
58 0.000807547 0.00223911 0.00304665 1.5346 1.29185 2.82645 10104.5 3
59 0.00105194 0.00199507 0.00304701 1.29371 1.44298 2.73669 9991.62 3
60 0.00144274 0.00155095 0.00299369 1.08353 1.39686 2.4804 9934.8 3
61 0.000962464 0.00153281 0.00249528 1.63491 1.24286 2.87777 9823.18 3
62 0.00120478 0.00177173 0.00297651 0.870487 1.38992 2.26041 9768.4 3
63 0.00130305 0.00123261 0.00253566 1.04451 1.83138 2.87589 9716.73 3
64 0.00107935 0.00191498 0.00299432 0.751784 2.12949 2.88127 9604.51 3
65 0.00124658 0.00141972 0.0026663 1.6414 0.982409 2.62381 9546.21 3
66 0.00134348 0.00127459 0.00261807 1.95046 1.39426 3.34472 9486.11 3
67 0.000884414 0.00142867 0.00231308 0.972175 1.64416 2.61633 9387.91 3
68 0.00121794 0.00186075 0.00307869 0.421916 1.35141 1.77333 9331 3
69 0.00124592 0.00171735 0.00296326 0.549618 1.61656 2.16618 9267.65 3
70 0.00106613 0.00203232 0.00309845 0.403931 2.03878 2.44271 9153.53 3
71 0.00119375 0.00169115 0.0028849 0.121199 2.12073 2.24193 9091.25 3
72 0.00118788 0.00168284 0.00287072 0.120603 0.85036 0.970963 9032.45 3
73 0.00072214 0.00157558 0.00229772 0.358871 1.131 1.48987 8975.55 3
74 0.000978729 0.00101135 0.00199008 0.294793 0.789345 1.08414 8926.82 3
75 0.00106507 0.00177511 0.00284018 0.330267 0.872386 1.20265 8818.28 3
76 0.000738126 0.00121951 0.00195764 0.312837 0.531386 0.844223 8767.25 3
77 0.000733255 0.00133899 0.00207224 0.193611 0.660503 0.854114 8724.33 3
78 0.000982567 0.00161648 0.00259905 0.569033 1.08412 1.65315 8675.03 3
79 0.000787873 0.00138666 0.00217453 0.433677 1.85913 2.29281 8624.54 3
80 0.000908664 0.00141 0.00231866 0.594423 1.55877 2.15319 8575.17 3
81 0.000779107 0.00146472 0.00224383 0.481426 1.06317 1.5446 8523.24 3
82 0.000898807 0.0013947 0.00229351 0.633442 0.97691 1.61035 8472.28 3
83 0.0008626 0.00135551 0.00221811 1.00453 0.685028 1.68956 8425.58 3
84 0.000673648 0.00104109 0.00171474 0.844173 0.955111 1.79928 8379.92 3
85 0.000943339 0.00124764 0.00219098 0.440204 0.809172 1.24938 8336.23 3
86 0.000726172 0.00124054 0.00196672 0.499304 0.652617 1.15192 8287.85 3
87 0.000902229 0.00108267 0.0019849 0.555472 0.647409 1.20288 8242.62 3
88 0.00080732 0.00116613 0.00197345 0.474046 0.794761 1.26881 8195.4 3
89 0.000683588 0.00112941 0.00181299 0.675712 0.622808 1.29852 8150.78 3
90 0.00100428 0.000945208 0.00194949 0.819702 1.42301 2.24271 8107.68 3
91 0.000793674 0.00135219 0.00214586 0.572915 1.02381 1.59673 8053.7 3
92 0.000584163 0.000963869 0.00154803 0.629465 0.829395 1.45886 8012.41 3
93 0.00075487 0.00145167 0.00220654 0.402346 0.995268 1.39761 7968.36 3
94 0.000693001 0.00135713 0.00205013 0.612786 1.04172 1.65451 7920.35 3
95 0.000947786 0.00112011 0.0020679 0.459446 0.998076 1.45752 7871.8 3
96 0.000828619 0.000885765 0.00171438 0.175753 0.775759 0.951512 7821.86 3
97 0.000937633 0.000852394 0.00179003 0.536468 0.480267 1.01674 7776.09 3
98 0.000451786 0.000847099 0.00129888 0.390032 0.915092 1.30512 7734.9 3
100 0.000532855 0.00129007 0.00182292 0.376812 0.387946 0.764759 7699.04 3
101 0.000752278 0.000835864 0.00158814 0.407567 0.616701 1.02427 7660.22 3
102 0.000692885 0.00102547 0.00171836 0.459577 0.740833 1.20041 7613.13 3
103 0.000606411 0.00135064 0.00195706 0.587337 0.572811 1.16015 7567.49 3
104 0.000739746 0.000904134 0.00164388 0.350229 0.448451 0.798679 7526.25 3
105 0.000790471 0.00100853 0.001799 0.418377 0.876523 1.2949 7478.37 3
107 0.000894721 0.000759157 0.00165388 0.672722 1.45769 2.13041 7432.55 3
108 0.00075543 0.00113314 0.00188857 0.268852 1.01314 1.28199 7383.45 3
109 0.000617251 0.00104664 0.00166389 0.16341 0.665826 0.829236 7337.74 3
110 0.000613284 0.000853265 0.00146655 0.476949 0.815695 1.29264 7300.85 3
112 0.000663148 0.00111409 0.00177724 0.241837 0.680151 0.921987 7254.67 3
113 0.000553506 0.00081708 0.00137059 0.581682 0.162783 0.744465 7218.07 3
114 0.000707195 0.000602425 0.00130962 0.148406 0.301553 0.449959 7180 3
116 0.000598662 0.000884979 0.00148364 0.383977 0.32713 0.711106 7142.34 3
117 0.000465814 0.00103514 0.00150096 0 0.390767 0.390767 7101.78 3
118 0.000462808 0.000797059 0.00125987 0.0197979 0.398632 0.41843 7066.02 3
120 0.000331836 0.000842352 0.00117419 0.0877068 0.41066 0.498366 7036.23 3
121 0.000507048 0.000785924 0.00129297 0.338505 0.3813 0.719805 7002.98 3
123 0.000730976 0.000680564 0.00141154 0.516674 0.188012 0.704686 6963.08 3
124 0.000450879 0.000826612 0.00127749 0.322329 0.152598 0.474926 6926.77 3
125 0.000497847 0.000821447 0.00131929 0.546885 0.13295 0.679835 6890.4 3
127 0.000519866 0.00103973 0.0015596 0.212452 0.321822 0.534274 6849.11 3
128 0.000615627 0.000935753 0.00155138 0.160457 0.190968 0.351425 6806.27 3
130 0.000489368 0.000587242 0.00107661 0.156916 0.506398 0.663314 6771.67 3
131 0.000486299 0.000778078 0.00126438 0.283998 0.701948 0.985946 6736.45 3
133 0.000604157 0.000628323 0.00123248 0.30957 0.480377 0.789947 6700.28 3
134 0.00057684 0.000697015 0.00127385 0.168678 0.383791 0.552468 6659.69 3
136 0.000454111 0.000884321 0.00133843 0.495339 0.436544 0.931883 6620.62 3
138 0.000474868 0.000807275 0.00128214 0.346392 0.533063 0.879455 6588.19 3
139 0.000495622 0.000613627 0.00110925 0.0344575 0.388214 0.422671 6552.05 3
141 0.00058691 0.000633862 0.00122077 0.235351 0.330289 0.56564 6511.33 3
142 0.000630414 0.000793855 0.00142427 0.124472 0.238296 0.362768 6472.4 3
144 0.000580302 0.000603514 0.00118382 0.3434 0.385135 0.728535 6435.41 3
146 0.000461883 0.000715919 0.0011778 0.261195 0.21175 0.472945 6394.13 3
147 0.000550939 0.000895276 0.00144621 0.36906 0.185391 0.554451 6359.09 3
149 0.000365322 0.000502318 0.000867639 0.0400941 0.15581 0.195904 6320.05 3
151 0.000590051 0.000658134 0.00124818 0.0740968 0.149555 0.223652 6286.02 3
153 0.000428642 0.000744484 0.00117313 0.0399089 0.234512 0.274421 6250.53 3
154 0.000358664 0.000537996 0.00089666 0.113921 0.0934768 0.207397 6219.05 3
156 0.000490141 0.000712933 0.00120307 0.321845 0.368653 0.690498 6185.45 3
158 0.000576586 0.00079835 0.00137494 0.147052 0.508061 0.655113 6143.08 3
160 0.000573812 0.00070623 0.00128004 0.156651 0.398667 0.555318 6101.97 3
162 0.00037284 0.000394771 0.000767611 0.3154 0.0634485 0.378849 6070.37 3
164 0.000414025 0.00056656 0.000980584 0.344229 0.268092 0.61232 6039.39 3
165 0.000433304 0.000649956 0.00108326 0.378837 0.431441 0.810278 6005.06 3
167 0.000387831 0.000775661 0.00116349 0.102172 0.282901 0.385073 5968.98 3
169 0.000385373 0.000642288 0.00102766 0.0993834 0.174103 0.273486 5938.5 3
171 0.00068191 0.000660601 0.00134251 0.0937627 0.0328382 0.126601 5898.18 3
173 0.000466873 0.000742753 0.00120963 0.00774585 0.286618 0.294364 5854.54 3
175 0.000337645 0.000548674 0.000886319 0 0.262878 0.262878 5820.35 3
177 0.00037777 0.000482707 0.000860477 0.130373 0.16857 0.298942 5785.54 3
179 0.000396114 0.000667139 0.00106325 0.112788 0.150565 0.263353 5757.41 3
181 0.000393774 0.000435224 0.000828998 0.0261342 0.0830035 0.109138 5725.09 3
184 0.000226482 0.000597089 0.000823571 0 0.166876 0.166876 5696.98 3
186 0.000470444 0.000429536 0.00089998 0.0555124 0.037431 0.0929433 5669.18 3
188 0.000345767 0.000610178 0.000955945 0.223508 0.557092 0.7806 5635.83 3
190 0.000384219 0.000525773 0.000909992 0.0432752 0.320438 0.363714 5603.58 3
192 0.000402139 0.000482567 0.000884707 0 0.0208107 0.0208107 5571.37 3
194 0.000379613 0.000419572 0.000799185 0.0417374 0.21612 0.257857 5542.33 3
197 0.000337851 0.000576335 0.000914186 0.209388 0.0777853 0.287174 5508.35 3
199 0.000236929 0.000493603 0.000730532 0.269665 0.162435 0.4321 5480.92 3
201 0.000254932 0.000568694 0.000823626 0.0663411 0.0104914 0.0768326 5455.23 3
204 0.000331106 0.000428491 0.000759597 0.133222 0.195314 0.328536 5429.65 3
206 0.000348479 0.000425919 0.000774398 0.0155654 0.129286 0.144851 5400.15 3
208 0.000404258 0.000423509 0.000827767 0 0.10426 0.10426 5368.92 3
211 0.000363609 0.00049757 0.000861178 0.0712099 0.329372 0.400582 5338.7 3
213 0.000399764 0.000475909 0.000875673 0.0515886 0.0353506 0.0869391 5305.34 3
216 0.000340645 0.000359569 0.000700214 0.0308283 0.0828334 0.113662 5275.52 3
218 0.000263242 0.000338454 0.000601696 0.0207773 0.339921 0.360698 5248.9 3
221 0.000411161 0.000541985 0.000953146 0.201974 0.344198 0.546172 5220.32 3
223 0.000353324 0.000409112 0.000762436 0.205207 0.0519944 0.257201 5186.47 3
226 0.000314343 0.000425288 0.000739631 0.0585973 0.145522 0.20412 5156.2 3
229 0.00033098 0.000588408 0.000919388 0.00902839 0.294811 0.303839 5125.91 3
231 0.000201056 0.00051178 0.000712837 0.0175833 0.246989 0.264572 5097.54 3
234 0.00029075 0.000508813 0.000799564 0.0675268 0.217481 0.285008 5068.44 3
237 0.000270949 0.000397392 0.000668341 0.182945 0.109825 0.292769 5040.42 3
239 0.000287145 0.000484557 0.000771702 0.0974318 0.0134958 0.110928 5015.39 3
242 0.000446421 0.000267852 0.000714273 0.123176 0.163622 0.286798 4982.68 3
245 0.000319903 0.000622034 0.000941938 0.0795493 0.286864 0.366414 4949.22 3
248 0.000265327 0.000442212 0.000707539 0 0.11639 0.11639 4915.8 3
251 0.000281205 0.000369082 0.000650286 0.0717424 0 0.0717424 4890.93 3
254 0.00017456 0.000331663 0.000506223 0.0269869 0.130972 0.157959 4868.21 3
257 0.000312278 0.000468417 0.000780694 0.0974306 0.290887 0.388317 4842.13 3
260 0.000241471 0.000448446 0.000689917 0.126531 0.17824 0.304771 4814.87 3
263 0.00013709 0.000308452 0.000445541 0 0 1 4790.7 3
266 0.000255289 0.000357404 0.000612693 0.0874789 0 0.0874789 4768.62 3
269 0.000372648 0.000592849 0.000965496 0.234887 0.0135169 0.248404 4736.4 3
272 0.000320334 0.000354054 0.000674388 0 0 1 4704.14 3
275 0.000100523 0.000402091 0.000502614 0.278716 0 0.278716 4679.79 3
278 0.000283017 0.00043285 0.000715867 0.20915 0 0.20915 4655.66 3
281 9.9226e-05 0.000363829 0.000463055 0.176771 0 0.176771 4632.88 3
285 0.000263032 0.000558944 0.000821976 0.226339 0.0563218 0.282661 4607.29 3
288 0.000278269 0.000441956 0.000720225 0.0174491 0 0.0174491 4574.35 3
291 0.000309476 0.000390918 0.000700394 0 0.0489624 0.0489624 4544.24 3
295 0.000324139 0.000453794 0.000777933 0.0906616 0.265777 0.356439 4514.96 3
298 0.000177439 0.000354879 0.000532318 0.0445534 0.0449083 0.0894617 4484.5 3
301 0.000272436 0.000288462 0.000560897 0.120353 0.046891 0.167244 4462.14 3
305 0.000191296 0.000398533 0.000589829 0 0.164403 0.164403 4434.42 3
309 0.000174158 0.000269153 0.000443312 0.00346733 0.128545 0.132012 4413.52 3
312 0.000173073 0.000346146 0.000519219 0 0.0502541 0.0502541 4390.66 3
316 0.000391389 0.000391389 0.000782779 0.00396086 0 0.00396086 4362.17 3
319 0.00028057 0.000342919 0.00062349 0.00458265 0.0105526 0.0151352 4331.39 3
323 0.000201672 0.000341292 0.000542964 0.0451746 0.0998278 0.145002 4302.09 3
327 0.000215746 0.000292799 0.000508545 0.0128369 0.120232 0.133069 4281.13 3
331 0.000321982 0.00036798 0.000689962 0.421459 0.0357707 0.45723 4253.63 3
334 0.000213672 0.000244197 0.000457868 0.0225882 0.0550816 0.0776698 4224.22 3
338 0.000242851 0.000258029 0.00050088 0.0371259 0.260731 0.297857 4199.14 3
342 0.00034738 0.000332276 0.000679656 0 0.0604742 0.0604742 4171.77 3
346 0.000135255 0.000315595 0.00045085 0.0370749 0.210637 0.247712 4144.37 3
350 0.000224098 0.000343617 0.000567715 0.0799432 0.215194 0.295137 4121.24 3
354 0.000163251 0.000163251 0.000326502 0.00976536 0.0291922 0.0389576 4101.11 3
358 0.000294994 0.000235995 0.000530989 0.0148529 0.0211806 0.0360335 4079.17 3
363 0.000249659 0.000249659 0.000499317 0 0.0941506 0.0941506 4050.06 3
367 8.75018e-05 0.000233338 0.00032084 0.0149774 0.0335278 0.0485052 4031.72 3
371 0.000144768 0.000304013 0.000448781 0.0435028 0.0990069 0.14251 4015.06 3
375 0.000230421 0.000360033 0.000590455 0.0162735 0.149803 0.166076 3989.66 3
380 0.000172001 0.000358336 0.000530337 0.389683 0.0723408 0.462024 3962.58 3
384 0.000156593 0.000242007 0.000398599 0.0362441 0 0.0362441 3944.07 3
389 0.000169779 0.000155631 0.00032541 0 0 1 3923.25 3
393 0.000182769 0.000239006 0.000421775 0.0485041 0 0.0485041 3902.92 3
398 0.000265686 0.000335603 0.000601289 0 0 1 3879.33 3
402 0.000180943 0.000306211 0.000487153 0.0018651 0.0740612 0.0759263 3852.7 3
407 0.000291076 0.000194051 0.000485127 0.0138331 0.0445347 0.0583678 3824.41 3
412 9.65158e-05 0.000275759 0.000372275 0.0606671 0 0.0606671 3800.76 3
416 0.000150662 0.000369807 0.00052047 0 0.0337209 0.0337209 3782.04 3
421 0.000231886 0.000327368 0.000559254 0.00197785 0.0583806 0.0603585 3754.27 3
426 9.49771e-05 0.000284931 0.000379908 0 0 1 3731.31 3
431 0.000121235 0.000215529 0.000336764 0 0.143259 0.143259 3715.38 3
436 0.000187474 0.000254429 0.000441903 0 0.110436 0.110436 3694.6 3
441 0.000133188 0.000306332 0.000439519 0 0.0413947 0.0413947 3672.24 3
446 7.93451e-05 0.000238035 0.000317381 0 0.0211455 0.0211455 3656.25 3
451 0.000131491 0.00028928 0.00042077 0 0 1 3634.91 3
457 0.000143744 0.000235217 0.000378961 0 0.0282522 0.0282522 3615.7 3
462 0.000195013 0.000260017 0.00045503 0.0443979 0.0127538 0.0571518 3592.63 3
467 0.000142259 0.000271585 0.000413843 0 0.0210413 0.0210413 3570.28 3
473 0.000193001 0.000141534 0.000334534 0 0.0383042 0.0383042 3547.81 3
478 0.00015358 0.000204774 0.000358354 0.00307161 0.0533308 0.0564024 3526 3
484 8.89476e-05 0.000241429 0.000330377 0.00683626 0 0.00683626 3510.74 3
489 0.000126248 0.000227247 0.000353495 0.00195685 0 0.00195685 3493.17 3
495 3.76048e-05 0.000200559 0.000238164 0.0375171 0 0.0375171 3477.83 3
501 6.21875e-05 0.000199 0.000261188 0 0 1 3464.91 3
506 0.00013593 0.000173002 0.000308932 0.0411991 0.0703005 0.1115 3447.29 3
512 0.000135031 0.000208684 0.000343714 0.0383855 0.00276199 0.0411475 3430.66 3
518 8.54221e-05 0.000280673 0.000366095 0.012313 0.0802724 0.0925854 3411.74 3
524 0.000218771 0.000267386 0.000486157 0.108449 0.0282335 0.136683 3386.36 3
530 0.000108778 0.00020547 0.000314249 0.00848472 0.0321017 0.0405864 3366.23 3
537 9.60569e-05 0.000156092 0.000252149 0 0.0293094 0.0293094 3349.6 3
543 0.000215005 0.000179171 0.000394176 0 0.0521029 0.0521029 3328.7 3
549 0.000130773 0.000261547 0.00039232 0 0 1 3306.34 3
555 9.45906e-05 0.000224653 0.000319243 0 0.0300916 0.0300916 3286.18 3
562 0.000152857 0.000188131 0.000340988 0.0411655 0 0.0411655 3266.76 3
568 0.000140348 0.000198826 0.000339173 0.016947 0 0.016947 3246.82 3
575 0.000139735 0.000163024 0.000302759 0 0 1 3223.62 3
582 0.00016221 0.000254901 0.000417111 0.0123627 0.0237174 0.0360801 3202.78 3
588 0.000138317 0.000115264 0.000253582 0 0.0275597 0.0275597 3182.49 3
595 6.86986e-05 0.000217546 0.000286244 0.0264375 0 0.0264375 3167.28 3
602 0.000159526 0.000239289 0.000398815 0 0.0239289 0.0239289 3146.3 3
609 0.000136162 0.000158856 0.000295019 0.00442528 0.103245 0.10767 3123.32 3
616 0.000180514 0.000191796 0.000372309 0 0 1 3105.38 3
623 0.000123514 0.000134742 0.000258256 0 0 1 3084.51 3
630 0.000122887 0.000201088 0.000323975 0 0 1 3064.96 3
638 0.000122281 0.000188979 0.00031126 0 0 1 3044.71 3
645 8.83812e-05 0.000110476 0.000198858 0.0131136 0 0.0131136 3028.71 3
653 7.67839e-05 0.000164537 0.000241321 0 0 1 3015.45 3
660 0.000119955 0.000141765 0.00026172 0 0.0427367 0.0427367 2998.41 3
668 0.000130097 0.000108414 0.000238511 0 0.0273745 0.0273745 2981.59 3
676 7.54221e-05 0.000215492 0.000290914 0 0.0302443 0.0302443 2965.43 3
683 0.000107157 0.000128588 0.000235745 0.0159235 0.000321471 0.016245 2947.38 3
691 6.384e-05 0.00011704 0.00018088 0 0.0014896 0.0014896 2934.06 3
699 0.000158725 0.000116398 0.000275124 0 0.00739659 0.00739659 2916.49 3
707 3.15242e-05 0.000115589 0.000147113 0 0 1 2903.14 3
716 0.000125273 0.000104394 0.000229667 0.0143333 0 0.0143333 2888.71 3
724 6.22007e-05 0.000124401 0.000186602 0 0.00638593 0.00638593 2875.56 3
732 8.23605e-05 0.000123541 0.000205901 0 0 1 2862.51 3
741 8.18682e-05 0.000122802 0.000204671 0 0 1 2846.78 3
749 0.00010171 0.000152565 0.000254274 0.000223761 0 0.000223761 2831.62 3
758 6.05742e-05 9.08614e-05 0.000151436 0.0425433 0 0.0425433 2820.09 3
767 0.000110351 0.000100319 0.00021067 0 0.0016653 0.0016653 2805.63 3
776 8.97067e-05 7.97393e-05 0.000169446 0 0 1 2791.39 3
785 0.000108957 0.000118862 0.00022782 0.00491298 0 0.00491298 2776.67 3
794 5.91261e-05 0.000197087 0.000256213 0 0 1 2758.79 3
803 5.87561e-05 0.000176268 0.000235025 0 0.0327174 0.0327174 2744.34 3
812 8.76962e-05 0.000185136 0.000272833 0 0 1 2726.44 3
822 8.71578e-05 8.71578e-05 0.000174316 0 0 1 2712.07 3
831 6.73239e-05 5.77062e-05 0.00012503 0 0 1 2699.67 3
841 0.000133841 0.000143401 0.000277241 0.0241582 0 0.0241582 2684.81 3
851 0.000104739 0.000114261 0.000219 0.0170439 0 0.0170439 2664.7 3
860 9.46396e-05 0.000113568 0.000208207 0.00581087 0.00582034 0.0116312 2650.11 3
870 3.76389e-05 0.000122326 0.000159965 0 0 1 2634.81 3
881 7.47608e-05 0.000130831 0.000205592 0 0.0457629 0.0457629 2622.6 3
891 0.000111599 0.000130199 0.000241797 0 0.0168328 0.0168328 2605.08 3
901 0.000111214 0.000176089 0.000287303 0.0046988 0.0542632 0.058962 2584.34 3
912 0.000110865 0.000157058 0.000267923 0 0 1 2562.94 3
922 8.28157e-05 0.000147228 0.000230044 0 0.00544744 0.00544744 2543.92 3
933 6.39994e-05 0.000127999 0.000191998 0.00107885 0 0.00107885 2530.94 3
944 0.000118298 6.36989e-05 0.000181997 0 0 1 2514.03 3
954 3.61968e-05 0.000153836 0.000190033 0 0 1 2499.06 3
966 4.49382e-05 0.000107852 0.00015279 0 0.00809786 0.00809786 2487.43 3
977 9.82546e-05 7.14579e-05 0.000169713 0 0 1 2474.18 3
988 8.87311e-05 6.21118e-05 0.000150843 0 0 1 2462.21 3
1000 0 0 1 0 0 1 2453.5 3
