1 0.271676 0.184686 0.456362 16268.9 11215.7 27484.6 77836.5 30
2 0.0853371 0.0578306 0.143168 2256.59 1558.93 3815.52 51434.7 30
3 0.0456591 0.0318631 0.0775222 745.048 514.594 1259.64 40384.5 30
4 0.0323887 0.0217409 0.0541296 354.156 250.703 604.859 34177 30
5 0.0239814 0.0154903 0.0394717 209.659 141.69 351.35 30177.8 30
6 0.0183848 0.0122679 0.0306527 139.923 89.2748 229.197 27286.3 30
7 0.0164897 0.0108253 0.0273149 94.0716 65.5078 159.579 25010.6 30
8 0.0129308 0.00928288 0.0222137 70.4501 48.306 118.756 23381.7 30
9 0.0114382 0.00829059 0.0197288 55.9271 38.7852 94.7122 21990.8 30
10 0.0102256 0.00668342 0.0169091 42.1829 31.6413 73.8243 20842.4 30
11 0.00886644 0.00577527 0.0146417 34.2566 25.1344 59.391 19745 30
12 0.00853603 0.00553986 0.0140759 29.6188 21.2517 50.8706 18949.1 30
13 0.00769738 0.00509628 0.0127937 24.1048 16.79 40.8949 18163.5 30
14 0.00695176 0.0046647 0.0116165 21.3738 15.1353 36.5092 17420.6 30
15 0.00672847 0.0046135 0.011342 19.2134 12.8877 32.1011 16797.5 30
16 0.00615185 0.00444596 0.0105978 17.0107 10.7094 27.7201 16298.8 30
17 0.00579465 0.00406244 0.00985709 15.8988 10.458 26.3568 15729.1 30
18 0.00551749 0.00380205 0.00931954 12.6851 9.08634 21.7714 15261.7 30
19 0.00510169 0.00361043 0.00871212 11.7566 8.21769 19.9743 14903.4 30
20 0.00490449 0.00334917 0.00825366 10.1697 6.93149 17.1011 14466.5 30
21 0.00435992 0.00281948 0.0071794 9.56466 6.36621 15.9309 14119.7 30
22 0.00438941 0.00328521 0.00767462 7.83246 5.67133 13.5038 13795.3 30
23 0.00452351 0.00289077 0.00741428 7.04882 4.46052 11.5093 13474.7 30
24 0.00402202 0.00257374 0.00659577 6.54392 4.62457 11.1685 13159.8 30
25 0.00389539 0.00247967 0.00637506 6.55748 4.26995 10.8274 12926.9 30
26 0.00402457 0.00246368 0.00648825 6.34137 4.45685 10.7982 12699.6 30
27 0.00315075 0.00247441 0.00562516 5.32558 3.95949 9.28507 12406.8 30
28 0.00331558 0.00220498 0.00552056 4.95652 4.11495 9.07148 12194.3 30
29 0.00308403 0.00223931 0.00532335 4.46029 3.41832 7.87861 11983.8 30
30 0.0032139 0.0024457 0.00565959 4.56949 3.41489 7.98439 11769.5 30
31 0.00306853 0.00233609 0.00540461 3.7414 3.28476 7.02617 11560 30
32 0.00321283 0.00190951 0.00512234 3.4814 2.26194 5.74335 11362.4 30
33 0.00270477 0.00212785 0.00483262 3.4708 2.21311 5.68392 11230 30
34 0.00279922 0.001709 0.00450822 2.9461 2.39476 5.34086 11034.3 30
35 0.00270932 0.00179164 0.00450096 2.98512 2.36633 5.35145 10906.4 30
36 0.00270017 0.001898 0.00459816 2.90451 2.16111 5.06563 10713.8 30
37 0.00247842 0.00183403 0.00431245 2.92728 2.1529 5.08018 10590 30
38 0.00255468 0.00177778 0.00433246 2.82943 1.96622 4.79565 10469.9 30
39 0.00233318 0.00163805 0.00397123 2.54324 1.9549 4.49814 10285.6 30
40 0.00239518 0.00161266 0.00400784 2.40777 1.81677 4.22454 10166.9 30
41 0.00241473 0.00154031 0.00395504 2.43966 1.70826 4.14792 10051.3 30
42 0.00230812 0.00173608 0.00404419 2.23396 1.84968 4.08364 9932.63 30
43 0.0022167 0.00146026 0.00367695 1.93801 1.57303 3.51104 9815.81 30
44 0.00207424 0.00158007 0.00365431 1.82701 1.31668 3.14368 9703.5 30
45 0.00193461 0.00151684 0.00345145 2.17807 1.20839 3.38646 9593.24 30
46 0.00218585 0.00138522 0.00357107 2.04398 1.33096 3.37494 9482.71 30
47 0.00200386 0.00136313 0.00336698 1.26143 1.01351 2.27494 9374 30
48 0.00203713 0.00137258 0.0034097 1.42675 0.98233 2.40908 9265.21 30
49 0.00189046 0.00124599 0.00313645 1.62983 1.07544 2.70527 9162.02 30
50 0.00186762 0.0014587 0.00332631 1.71501 1.25061 2.96563 9108.18 30
51 0.00184052 0.00118276 0.00302328 1.42497 0.858334 2.28331 9002.22 30
52 0.00187429 0.00121769 0.00309198 1.45427 1.09718 2.55145 8893.88 30
53 0.00178687 0.00122884 0.00301571 1.54251 1.24986 2.79238 8840.93 30
54 0.00177295 0.00115065 0.0029236 1.52062 0.717773 2.23839 8736.36 30
55 0.00172416 0.00116105 0.00288521 1.26784 0.904504 2.17234 8633.75 30
56 0.00165092 0.00132189 0.00297281 1.3813 0.72032 2.10162 8583.32 30
57 0.00170124 0.00106756 0.0027688 1.08673 0.895493 1.98223 8481.54 30
58 0.00131108 0.00117487 0.00248595 1.27542 0.895062 2.17049 8433.26 30
59 0.00165469 0.00112182 0.00277652 1.45022 0.609734 2.05996 8338.97 30
60 0.00164583 0.00090939 0.00255522 1.23156 0.613225 1.84478 8287.91 30
61 0.00165542 0.00101532 0.00267074 0.882625 0.519724 1.40235 8188.57 30
62 0.0014597 0.00111947 0.00257917 0.828386 0.592804 1.42119 8140.1 30
63 0.00138568 0.00108018 0.00246586 0.981004 0.651631 1.63264 8094.21 30
64 0.00137604 0.00106845 0.00244449 1.03559 0.554623 1.59022 7996.74 30
65 0.00148645 0.000869332 0.00235578 1.07923 0.589885 1.66912 7949.41 30
66 0.00140854 0.000997716 0.00240626 1.15109 0.61049 1.76158 7903.98 30
67 0.00140821 0.000938804 0.00234701 0.923192 0.688866 1.61206 7814.01 30
68 0.00146827 0.000844258 0.00231253 0.866843 0.687635 1.55448 7768.89 30
69 0.00140308 0.000975376 0.00237846 0.841588 0.540755 1.38234 7721.19 30
70 0.00125804 0.000897129 0.00215517 0.857181 0.488544 1.34572 7633.31 30
71 0.00130731 0.000953567 0.00226088 1.01771 0.353922 1.37163 7589.12 30
72 0.0012745 0.000978818 0.00225332 1.07709 0.476266 1.55335 7544.21 30
73 0.00138426 0.000851854 0.00223612 0.957595 0.386179 1.34377 7498.53 30
74 0.00120988 0.000932615 0.00214249 0.697596 0.363957 1.06155 7455.94 30
75 0.0012362 0.000867333 0.00210353 0.77238 0.497944 1.27032 7368.92 30
76 0.00127884 0.000807947 0.00208678 0.90145 0.515336 1.41679 7325.41 30
77 0.00116805 0.000818129 0.00198618 0.837187 0.513795 1.35098 7283.4 30
78 0.00137224 0.000828245 0.00220048 0.835008 0.403894 1.2389 7240.38 30
79 0.00109669 0.000823735 0.00192042 0.645696 0.399248 1.04494 7196.88 30
80 0.00103177 0.000770192 0.00180196 0.506026 0.416374 0.9224 7158.93 30
81 0.00115577 0.000837932 0.0019937 0.493537 0.296695 0.790233 7118.61 30
82 0.00119243 0.000785377 0.00197781 0.43393 0.338306 0.772236 7076.51 30
83 0.00107158 0.000862028 0.00193361 0.401481 0.405725 0.807206 7034.3 30
84 0.00108419 0.000700701 0.00178489 0.548109 0.392137 0.940246 6994.89 30
85 0.00105435 0.000748401 0.00180275 0.625757 0.428424 1.05418 6955.24 30
86 0.00111838 0.000687874 0.00180625 0.592315 0.287634 0.87995 6916.09 30
87 0.000981382 0.000702316 0.0016837 0.483342 0.276857 0.760199 6878.35 30
88 0.00106354 0.000799967 0.00186351 0.547552 0.320153 0.867705 6839.49 30
89 0.000970115 0.000786207 0.00175632 0.373476 0.330657 0.704133 6799.78 30
90 0.00101021 0.000763373 0.00177358 0.303544 0.253984 0.557527 6761.13 30
91 0.00102252 0.000704401 0.00172692 0.38264 0.318476 0.701116 6722.76 30
92 0.000916988 0.000709197 0.00162619 0.343292 0.382185 0.725477 6686.19 30
93 0.000988093 0.000696157 0.00168425 0.355799 0.221589 0.577388 6647.81 30
94 0.000937538 0.000705385 0.00164292 0.446393 0.241536 0.687929 6611.12 30
95 0.000918893 0.000670304 0.0015892 0.416365 0.244807 0.661173 6572.9 30
96 0.0010372 0.000706177 0.00174338 0.355119 0.262499 0.617618 6535.07 30
97 0.00103176 0.000636615 0.00166837 0.405959 0.207396 0.613355 6494.34 30
98 0.000899379 0.000672351 0.00157173 0.475653 0.346566 0.82222 6456.15 30
100 0.000919991 0.000689993 0.00160998 0.56119 0.252134 0.813324 6420.92 30
101 0.000971037 0.000586938 0.00155798 0.405229 0.230028 0.635257 6382.65 30
102 0.00102578 0.000673837 0.00169961 0.327824 0.240186 0.56801 6344.38 30
103 0.000956251 0.00062754 0.00158379 0.304596 0.184851 0.489447 6305.67 30
104 0.000900079 0.000581655 0.00148173 0.298253 0.149574 0.447827 6267.69 30
105 0.000839872 0.000514896 0.00135477 0.298024 0.220338 0.518361 6232.96 30
107 0.000826512 0.000658692 0.0014852 0.244845 0.26049 0.505335 6198.32 30
108 0.000851032 0.000600728 0.00145176 0.303677 0.20305 0.506727 6162.19 30
109 0.000929457 0.000643151 0.00157261 0.239032 0.143958 0.38299 6124.38 30
110 0.000853982 0.000519815 0.0013738 0.284755 0.205851 0.490606 6089.25 30
112 0.000849112 0.000553769 0.00140288 0.383446 0.141154 0.5246 6054.17 30
113 0.000828091 0.000542543 0.00137063 0.259964 0.0813121 0.341276 6018.15 30
114 0.000807119 0.00057999 0.00138711 0.256587 0.0891562 0.345743 5983.63 30
116 0.000863077 0.000532365 0.00139544 0.29727 0.0936923 0.390962 5948.45 30
117 0.00073778 0.000561354 0.00129913 0.364411 0.0913924 0.455803 5914.65 30
118 0.00074152 0.000598 0.00133952 0.234213 0.13707 0.371282 5880.86 30
120 0.000816718 0.000547122 0.00136384 0.181391 0.181692 0.363083 5845.79 30
121 0.000776618 0.000488836 0.00126545 0.211445 0.133373 0.344818 5811.72 30
123 0.000709164 0.000489754 0.00119892 0.220656 0.14706 0.367715 5780.81 30
124 0.000708922 0.000514163 0.00122308 0.225936 0.212906 0.438842 5748.14 30
125 0.000789987 0.000499551 0.00128954 0.270648 0.181864 0.452512 5715.55 30
127 0.000727802 0.000481351 0.00120915 0.212665 0.23657 0.449235 5682.12 30
128 0.000670116 0.000528434 0.00119855 0.222478 0.130378 0.352856 5648.54 30
130 0.000787881 0.000464355 0.00125224 0.190713 0.109995 0.300708 5617.74 30
131 0.000806568 0.000511205 0.00131777 0.314266 0.140812 0.455078 5582.06 30
133 0.000632618 0.000493292 0.00112591 0.217519 0.142422 0.359941 5549.04 30
134 0.000677448 0.000441651 0.0011191 0.327331 0.163344 0.490675 5519.01 30
136 0.000748082 0.000398233 0.00114632 0.287197 0.115499 0.402695 5486.64 30
138 0.000703074 0.000362638 0.00106571 0.27848 0.139342 0.417822 5455.11 30
139 0.000736103 0.000485828 0.00122193 0.244224 0.152281 0.396506 5421.86 30
141 0.000739575 0.000369787 0.00110936 0.21388 0.0855014 0.299381 5387.91 30
142 0.000713771 0.00051712 0.00123089 0.151494 0.151392 0.302886 5355.02 30
144 0.000713706 0.000525317 0.00123902 0.128851 0.170713 0.299565 5321.18 30
146 0.000616165 0.000443207 0.00105937 0.15687 0.119583 0.276453 5288.83 30
147 0.000605394 0.000451359 0.00105675 0.146147 0.0924319 0.238579 5259.1 30
149 0.000551853 0.000402318 0.000954171 0.0798264 0.134481 0.214308 5230.8 30
151 0.000665491 0.000392923 0.00105841 0.0647226 0.0609102 0.125633 5200.88 30
153 0.00059136 0.00041888 0.00101024 0.102464 0.114931 0.217395 5170.35 30
154 0.000696869 0.000437732 0.0011346 0.166874 0.0915525 0.258426 5137.62 30
156 0.000595503 0.000403967 0.000999471 0.14407 0.0772692 0.221339 5107.07 30
158 0.000578121 0.000429263 0.00100738 0.141325 0.12028 0.261605 5078.86 30
160 0.000605869 0.000416535 0.0010224 0.0958374 0.154159 0.249997 5049.08 30
162 0.00057848 0.000369679 0.000948159 0.116654 0.0363347 0.152989 5019.62 30
164 0.000612708 0.000354009 0.000966716 0.169734 0.0694368 0.23917 4989.87 30
165 0.000592291 0.000345221 0.000937512 0.163946 0.0534855 0.217432 4960.97 30
167 0.000578887 0.000336562 0.000915449 0.231841 0.0099858 0.241827 4931.64 30
169 0.000545499 0.000348048 0.000893547 0.13254 0.0240622 0.156602 4902.88 30
171 0.000598966 0.000329431 0.000928397 0.138338 0.0431222 0.18146 4874.38 30
173 0.000545918 0.000344094 0.000890012 0.11097 0.0734343 0.184405 4846.25 30
175 0.000569229 0.000335615 0.000904843 0.178596 0.0305376 0.209134 4817.37 30
177 0.000579272 0.000350181 0.000929453 0.136705 0.089149 0.225854 4787.95 30
179 0.00048489 0.000387261 0.000872152 0.164651 0.0866684 0.25132 4759.97 30
181 0.000524184 0.000326806 0.000850989 0.159216 0.144846 0.304062 4732.62 30
184 0.000550232 0.000366821 0.000917053 0.106732 0.135685 0.242417 4704.49 30
186 0.000508802 0.000342401 0.000851203 0.0676514 0.0500322 0.117684 4676.37 30
188 0.000448499 0.00030218 0.000750679 0.0820244 0.0297313 0.111756 4650.65 30
190 0.000395127 0.000360356 0.000755483 0.137175 0.0379512 0.175127 4626.3 30
192 0.000430271 0.000310926 0.000741197 0.0901559 0.113375 0.203531 4603.09 30
194 0.000437018 0.000368344 0.000805362 0.12224 0.116237 0.238478 4578.28 30
197 0.000477964 0.000338299 0.000816263 0.146853 0.0614246 0.208277 4552 30
199 0.000462917 0.000342559 0.000805476 0.0909879 0.0708233 0.161811 4525.54 30
201 0.000420336 0.000294542 0.000714877 0.107259 0.0729451 0.180204 4500.06 30
204 0.000484976 0.000335518 0.000820495 0.1243 0.0151105 0.139411 4474.64 30
206 0.000467249 0.000315545 0.000782793 0.102458 0.0388453 0.141303 4446.79 30
208 0.000543224 0.000283684 0.000826908 0.16227 0.0819635 0.244234 4419.47 30
211 0.000489504 0.000312322 0.000801826 0.114532 0.0439833 0.158515 4390.5 30
213 0.000522981 0.000316777 0.000839759 0.0701452 0.0557498 0.125895 4361.49 30
216 0.000425073 0.000285364 0.000710436 0.0422219 0.0349243 0.0771462 4334.66 30
218 0.000449086 0.000280679 0.000729765 0.0824635 0.0440045 0.126468 4311.22 30
221 0.000390759 0.000255609 0.000646369 0.108387 0.0367931 0.14518 4285.7 30
223 0.00038249 0.000289057 0.000671547 0.111112 0.0271626 0.138274 4263.23 30
226 0.000394686 0.000278602 0.000673287 0.0597513 0.0212463 0.0809976 4240.14 30
229 0.000473441 0.000230947 0.000704388 0.0740185 0.040101 0.11412 4213.79 30
231 0.000387507 0.000353062 0.000740569 0.0660426 0.0452378 0.11128 4189.49 30
234 0.000379587 0.000268279 0.000647866 0.0428847 0.0442804 0.0871651 4165.29 30
237 0.00034051 0.000329159 0.000669669 0.0632951 0.0465136 0.109809 4141.48 30
239 0.000346894 0.000251005 0.000597899 0.0839512 0.0460157 0.129967 4119.19 30
242 0.000319347 0.000299738 0.000619086 0.0658024 0.0324614 0.0982638 4099.6 30
245 0.000323091 0.000267386 0.000590477 0.0428875 0.0131715 0.0560591 4075.88 30
248 0.000423633 0.000260271 0.000683904 0.0543828 0.0190773 0.0734601 4053.11 30
251 0.000368934 0.000239532 0.000608465 0.055296 0.0290439 0.0843399 4029.32 30
254 0.00033392 0.000238123 0.000572043 0.049141 0.0207058 0.0698468 4006.75 30
257 0.000367394 0.000293915 0.000661309 0.0241038 0.0502377 0.0743415 3983.52 30
260 0.000297627 0.000248924 0.000546552 0.0637598 0.0505641 0.114324 3960.9 30
263 0.000352267 0.000250083 0.00060235 0.0249034 0.03819 0.0630934 3939.77 30
266 0.00031807 0.00024323 0.000561301 0.033376 0.0319113 0.0652873 3918.28 30
269 0.000385369 0.000212617 0.000597986 0.0587887 0.0356293 0.094418 3895.51 30
272 0.000317125 0.000214059 0.000531184 0.058787 0.0390751 0.0978621 3872.83 30
275 0.000325747 0.000215414 0.000541161 0.0817784 0.035714 0.117492 3851.43 30
278 0.000292376 0.000229724 0.000522099 0.0453182 0.0572952 0.102613 3831.34 30
281 0.000345169 0.000246549 0.000591718 0.0374313 0.150011 0.187442 3809.73 30
285 0.000322601 0.000250339 0.00057294 0.0172682 0.0720459 0.0893141 3787.23 30
288 0.000351633 0.0001925 0.000544132 0.0221683 0.0532146 0.0753829 3764.52 30
291 0.000308709 0.000199002 0.000507711 0.0176321 0.0835785 0.101211 3743.87 30
295 0.000250986 0.000220563 0.000471549 0.0400639 0.0336549 0.0737188 3724.52 30
298 0.000284773 0.00020917 0.000493943 0.0738193 0.0197955 0.0936148 3703.9 30
301 0.00031058 0.000180337 0.000490917 0.0212021 0.0282853 0.0494874 3684.15 30
305 0.000308793 0.000241556 0.000550348 0.0238941 0.0126705 0.0365645 3663.09 30
309 0.00030958 0.000203084 0.000512664 0.017173 0.0266684 0.0438415 3641.04 30
312 0.000302952 0.000224135 0.000527087 0.0694721 0.00918215 0.0786542 3619.22 30
316 0.00024724 0.000161563 0.000408803 0.0590169 0.00999241 0.0690093 3599.83 30
319 0.000272421 0.000182425 0.000454846 0.0499917 0.0253765 0.0753683 3581.43 30
323 0.000307004 0.00016438 0.000471383 0.00881366 0.0347397 0.0435534 3562.43 30
327 0.00028608 0.000218767 0.000504848 0.0257376 0.025151 0.0508887 3541.18 30
331 0.000255827 0.000210399 0.000466226 0.0320955 0.0333627 0.0654581 3519.86 30
334 0.000235206 0.00020432 0.000439526 0.0314891 0.0235538 0.0550429 3501.66 30
338 0.000290571 0.000203163 0.000493734 0.0448518 0.028346 0.0731978 3481.35 30
342 0.000307822 0.000173884 0.000481706 0.0266912 0.0146791 0.0413703 3460.01 30
346 0.000285229 0.00022678 0.000512009 0.0344659 0.023529 0.0579949 3437.71 30
350 0.000299962 0.000167421 0.000467383 0.0287336 0.0200835 0.0488171 3416.77 30
354 0.000212646 0.000166419 0.000379065 0.00747497 0.0122526 0.0197275 3397.93 30
358 0.000278021 0.000176922 0.000454943 0.0286568 0.0183884 0.0470453 3379.05 30
363 0.000242177 0.000178205 0.000420382 0.0118758 0.0130501 0.0249259 3359.38 30
367 0.000231629 0.000152148 0.000383777 0.0086611 0.0544078 0.0630689 3341.2 30
371 0.000257267 0.000148944 0.000406211 0.0161288 0.0167539 0.0328827 3323.66 30
375 0.000264853 0.000202006 0.000466859 0.0378582 0.0205283 0.0583865 3303.49 30
380 0.000241096 0.000151801 0.000392897 0.0244444 0.000308067 0.0247525 3283.41 30
384 0.000226292 0.00015308 0.000379372 0.026485 0.00320359 0.0296886 3266.07 30
389 0.000264737 0.000163255 0.000427992 0.0146554 0 0.0146554 3246.81 30
393 0.00025237 0.000177756 0.000430125 0.0176944 0.00155152 0.0192459 3226.74 30
398 0.000229089 0.000122181 0.000351269 0.0365342 0.0260943 0.0626285 3208.4 30
402 0.000262489 0.000132329 0.000394819 0.0206477 0.000373125 0.0210208 3189.94 30
407 0.000217876 0.00015316 0.000371037 0.0204502 0.00755017 0.0280003 3171.13 30
412 0.000216568 0.00014152 0.000358088 0.00265457 0.0025109 0.00516547 3153.86 30
416 0.000234448 0.000153457 0.000387905 0.0090433 0.0132271 0.0222704 3136.59 30
421 0.000211964 0.000167451 0.000379415 0.0272734 0.00519947 0.0324728 3117.91 30
426 0.000202317 0.000134878 0.000337196 0.0279261 0.0128303 0.0407564 3100 30
431 0.000230476 0.00013619 0.000366666 0.00209942 0.00547484 0.00757427 3082.42 30
436 0.000202065 0.000141654 0.000343718 0.0218334 0.00203106 0.0238645 3064.77 30
441 0.000180069 0.000146953 0.000327021 0.0019228 0.0198386 0.0217614 3049.37 30
446 0.000222277 0.000158475 0.000380752 0.0242982 0.0151046 0.0394027 3031.47 30
451 0.000206716 0.000145316 0.000352032 0.0228616 0.00617284 0.0290345 3013.52 30
457 0.00021371 0.000132297 0.000346007 0.0249817 0.0144509 0.0394325 2995.64 30
462 0.000169884 0.000121346 0.00029123 0.0340679 0.00645561 0.0405235 2980.35 30
467 0.000170839 0.000120592 0.000291431 0.00695414 0.00374238 0.0106965 2964.74 30
473 0.000201739 0.000131829 0.000333568 0.00944176 0.014667 0.0241088 2949.15 30
478 0.000154828 0.000115129 0.000269957 0.0201872 0.0484275 0.0686147 2933.69 30
484 0.000185436 0.000142036 0.000327472 0.00506793 0.0165393 0.0216073 2918.19 30
489 0.000152909 0.000115662 0.000268571 0.0137089 0.0092706 0.0229795 2903 30
495 0.00020852 0.000114979 0.000323499 0.00546441 0.00462253 0.0100869 2886.82 30
501 0.000193734 0.000131739 0.000325473 0.0118081 0.00122634 0.0130344 2870.66 30
506 0.000165692 0.000142572 0.000308264 0.0140588 0.0137004 0.0277592 2853.67 30
512 0.000218475 0.000103488 0.000321963 0.0135263 0.00721159 0.0207379 2836.12 30
518 0.000202071 0.000120099 0.00032217 0.0120156 0.0266943 0.0387099 2818.47 30
524 0.000174445 0.000127042 0.000301487 0.00386434 0.0453577 0.049222 2801.24 30
530 0.000181 0.000131979 0.000312979 0.00292051 0.0114068 0.0143273 2784.96 30
537 0.000172521 0.000116264 0.000288785 0.0105969 0.00469557 0.0152925 2768.03 30
543 0.0001715 0.000121169 0.000292669 0.0142438 0.00183803 0.0160819 2752.58 30
549 0.000187226 9.45399e-05 0.000281766 0.0117118 0.0154063 0.0271181 2736.36 30
555 0.000177026 0.000129081 0.000306107 0.0105736 0.0120304 0.022604 2719.36 30
562 0.000165094 0.000135744 0.000300838 0.0255749 0.00682389 0.0323988 2702.4 30
568 0.000169551 9.48028e-05 0.000264354 0.0012926 0 0.0012926 2688.01 30
575 0.000137776 0.000119647 0.000257423 0.00894634 0.013279 0.0222254 2672.35 30
582 0.000156775 9.55069e-05 0.000252282 0.0179156 0.00352474 0.0214404 2657.69 30
588 0.000148654 0.000130744 0.000279397 0.0168928 0.010352 0.0272448 2643.4 30
595 0.00017097 9.43897e-05 0.00026536 0.0101745 0.000970611 0.0111451 2627.92 30
602 0.0001523 0.000108027 0.000260326 0.00295922 0.00134768 0.00430689 2612.52 30
609 0.00015141 0.000110917 0.000262327 0.00390321 0.00482928 0.00873249 2597.8 30
616 0.000129563 0.000140068 0.000269631 0.00537337 0.0113981 0.0167714 2582.32 30
623 0.000158395 9.05114e-05 0.000248906 0.00996322 0.0118309 0.0217941 2567.85 30
630 0.000136728 0.000107305 0.000244033 0.0118607 0.00612506 0.0179858 2552.97 30
638 0.00015829 9.29096e-05 0.0002512 0.00385231 0.00222639 0.0060787 2538.67 30
645 0.00014721 0.000116398 0.000263608 0.0129801 0.0043889 0.017369 2522.56 30
653 0.000120815 9.01856e-05 0.000211 0 0.00608838 0.00608838 2508.58 30
660 0.000136991 0.000118387 0.000255378 0.000480314 0 0.000480314 2495.09 30
668 0.00012442 8.74304e-05 0.000211851 0.00521388 0.00445222 0.0096661 2481.09 30
676 0.000132025 8.8574e-05 0.000220599 0.00349784 0.00437856 0.0078764 2467.58 30
683 0.000132892 9.13635e-05 0.000224256 0.00438379 0 0.00438379 2454.15 30
691 0.000120517 9.24517e-05 0.000212969 0.00833221 0.00556526 0.0138975 2441.01 30
699 0.000105018 0.000100095 0.000205113 0.0134964 0.00393816 0.0174346 2427.81 30
707 0.00016483 8.32309e-05 0.000248061 0.0182308 0.000421051 0.0186519 2413.12 30
716 0.000137983 8.27897e-05 0.000220772 0.00266388 0 0.00266388 2398.24 30
724 0.000129124 8.71586e-05 0.000216283 0.00166893 0 0.00166893 2384.42 30
732 0.000146024 6.57912e-05 0.000211815 0.0193972 0.00178759 0.0211848 2370.93 30
741 0.00011655 0.00011655 0.0002331 0.0106715 0.0108647 0.0215362 2355.71 30
749 0.000114303 9.20772e-05 0.00020638 1.90505e-05 0.00770909 0.00772814 2342 30
758 0.000137336 8.68217e-05 0.000224158 0.00317768 0.00266464 0.00584231 2328.41 30
767 0.000130284 7.53448e-05 0.000205629 0.0115968 0.00421931 0.0158161 2314.76 30
776 9.04853e-05 7.02041e-05 0.000160689 0.00944323 0.000285497 0.00972873 2302.36 30
785 0.000122457 7.59542e-05 0.000198411 0 0.00442549 0.00442549 2290.8 30
794 0.000126382 7.86036e-05 0.000204986 0.00380996 0 0.00380996 2277.54 30
803 0.000125762 7.20832e-05 0.000197845 0.018734 0.00476823 0.0235022 2262.48 30
812 0.000126607 8.08454e-05 0.000207452 0.00843538 0.0147627 0.0231981 2248.75 30
822 0.000124414 9.5586e-05 0.00022 0.00703088 0.00116372 0.00819461 2234.99 30
831 0.000114738 8.90727e-05 0.000203811 0.00672122 0.000431776 0.00715299 2220.56 30
841 0.000117074 6.0038e-05 0.000177112 0.00179363 0 0.00179363 2208.02 30
851 8.20523e-05 7.16093e-05 0.000153662 0.00392508 0.0065612 0.0104863 2196.06 30
860 0.000124584 7.26738e-05 0.000197257 0.0101372 0.0101966 0.0203338 2183.65 30
870 0.000119499 6.34377e-05 0.000182937 0 0.000364398 0.000364398 2170.17 30
881 0.000101209 6.74727e-05 0.000168682 0.00425372 0.00381074 0.00806446 2157.78 30
891 9.03895e-05 7.43527e-05 0.000164742 0 2.33263e-05 2.33263e-05 2146.12 30
901 8.5419e-05 5.79112e-05 0.00014333 0 0.001012 0.001012 2136.46 30
912 0.000106516 6.04551e-05 0.000166971 0 0.00132425 0.00132425 2124.35 30
922 0.000123106 6.44158e-05 0.000187522 0.0016061 0 0.0016061 2111.71 30
933 0.000101113 5.98135e-05 0.000160927 0.00902329 0 0.00902329 2098.38 30
944 8.63426e-05 6.93572e-05 0.0001557 0.000276013 0 0.000276013 2087.11 30
954 9.84745e-05 8.01864e-05 0.000178661 0.00390381 0.00555396 0.00945777 2075.88 30
966 0.000107808 6.44045e-05 0.000172212 0 0 1 2061.87 30
977 8.21053e-05 5.98395e-05 0.000141945 0.0116353 1.25245e-05 0.0116478 2050.66 30
988 0.000102361 4.70308e-05 0.000149392 0 3.87313e-05 3.87313e-05 2039.45 30
1000 0.000111403 5.5014e-05 0.000166417 0.00268881 0.000907731 0.00359654 2027.68 30
1011 7.65738e-05 5.46955e-05 0.000131269 0.00431411 0.00529043 0.00960454 2016.22 30
1023 8.01587e-05 5.43449e-05 0.000134504 0.0023477 0.000111407 0.00245911 2005.97 30
1035 9.99508e-05 5.53782e-05 0.000155329 0.00211653 0 0.00211653 1994.79 30
1047 9.2678e-05 6.58148e-05 0.000158493 0 0.00533503 0.00533503 1983.13 30
1059 7.47918e-05 6.54428e-05 0.000140235 0.00283808 0 0.00283808 1971.56 30
1071 7.56569e-05 6.50384e-05 0.000140695 0.00170029 0.00204406 0.00374435 1961.04 30
1083 7.64906e-05 4.87957e-05 0.000125286 0.0030161 0.00439162 0.00740772 1951.09 30
1096 8.51875e-05 5.37336e-05 0.000138921 0.00266047 0.00761969 0.0102802 1940.92 30
1109 6.77367e-05 4.81973e-05 0.000115934 0 0.000763341 0.000763341 1930.33 30
1122 7.11946e-05 6.3428e-05 0.000134623 0.0060153 0.00181999 0.00783529 1920.25 30
1135 7.07574e-05 6.17519e-05 0.000132509 0.00903636 0.000293322 0.00932968 1909.98 30
1148 7.41597e-05 6.13735e-05 0.000135533 0 0.000150877 0.000150877 1899.79 30
1161 7.87716e-05 4.95499e-05 0.000128321 0.000214716 0 0.000214716 1890.04 30
1174 9.48341e-05 7.08094e-05 0.000165644 0.00393245 0.00108237 0.00501483 1877.37 30
1188 7.42013e-05 4.90483e-05 0.00012325 0.00416282 0.00167896 0.00584178 1865.83 30
1202 7.3769e-05 7.0018e-05 0.000143787 0.00258066 0.00240687 0.00498753 1855.31 30
1216 6.46371e-05 4.97209e-05 0.000114358 0 0 1 1844.81 30
1230 8.02935e-05 4.81761e-05 0.00012847 1.85293e-05 0 1.85293e-05 1835.09 30
1244 0.00010454 4.91954e-05 0.000153736 0.012032 0.0025311 0.0145631 1822.11 30
1258 5.87017e-05 4.89181e-05 0.00010762 0.000227469 0.00293019 0.00315766 1811.6 30
1273 7.17121e-05 5.46957e-05 0.000126408 0.00198971 0.00337898 0.00536869 1801.96 30
1288 6.76825e-05 4.7136e-05 0.000114818 7.25169e-05 0 7.25169e-05 1791.39 30
1303 6.48526e-05 4.5637e-05 0.00011049 0.00116014 0 0.00116014 1782.14 30
1318 8.47964e-05 4.77726e-05 0.000132569 0.0065544 0 0.0065544 1771.72 30
1333 6.41349e-05 4.39443e-05 0.000108079 0 0.00104516 0.00104516 1761.38 30
1348 7.20301e-05 5.90411e-05 0.000131071 0 0 1 1751.46 30
1364 6.22472e-05 5.63748e-05 0.000118622 0 0.00130132 0.00130132 1740.86 30
1380 7.47353e-05 3.73676e-05 0.000112103 0.00193611 0.00179481 0.00373092 1730.98 30
1396 7.31574e-05 5.69002e-05 0.000130058 0.0085269 0.000546939 0.00907384 1720.61 30
1412 6.35684e-05 4.16084e-05 0.000105177 0.000984732 7.62821e-05 0.00106101 1708.89 30
1428 7.12157e-05 4.02024e-05 0.000111418 0.00391227 0 0.00391227 1699.76 30
1445 7.76959e-05 3.8848e-05 0.000116544 0.000436468 0.00106032 0.00149679 1689.05 30
1462 8.07571e-05 4.09472e-05 0.000121704 0.00218272 0 0.00218272 1677.18 30
1479 5.65822e-05 4.86607e-05 0.000105243 0 0 1 1666.39 30
1496 6.30046e-05 5.17538e-05 0.000114758 0 0 1 1656.87 30
1513 7.38603e-05 5.59548e-05 0.000129815 0.00176146 0.000764342 0.0025258 1646.68 30
1531 5.12369e-05 4.45538e-05 9.57908e-05 0 0.0014725 0.0014725 1635.58 30
1548 6.31103e-05 4.65024e-05 0.000109613 0.0042749 0 0.0042749 1626.59 30
1566 5.06311e-05 3.52216e-05 8.58527e-05 0 0 1 1617.59 30
1584 6.34479e-05 3.39118e-05 9.73597e-05 0.000483517 0 0.000483517 1609.03 30
1603 5.21667e-05 3.15174e-05 8.3684e-05 0.000690121 0.000517319 0.00120744 1601.05 30
1621 4.97032e-05 3.34957e-05 8.31989e-05 0.00262887 0.000206376 0.00283525 1591.93 30
1640 6.98297e-05 4.29721e-05 0.000112802 0.000837956 0 0.000837956 1582.78 30
1659 4.81064e-05 5.13135e-05 9.94198e-05 0 0.000676696 0.000676696 1572.52 30
1678 3.92722e-05 3.50265e-05 7.42987e-05 0 0 1 1565.75 30
1698 5.90841e-05 2.8487e-05 8.7571e-05 0 0 1 1557.16 30
1717 5.66517e-05 3.56696e-05 9.23213e-05 0.0039289 0 0.0039289 1547.96 30
1737 4.38143e-05 4.79871e-05 9.18014e-05 0 0.000817867 0.000817867 1538.77 30
1757 5.80963e-05 3.83851e-05 9.64814e-05 0 0 1 1529.48 30
1778 5.25727e-05 2.78326e-05 8.04053e-05 0 0 1 1521.69 30
1798 6.04933e-05 3.07593e-05 9.12527e-05 0 0 1 1512.53 30
1819 6.12211e-05 3.67327e-05 9.79538e-05 0 0 1 1502.55 30
1840 5.27841e-05 3.55278e-05 8.83119e-05 0 0 1 1493.03 30
1862 5.35092e-05 3.12979e-05 8.48071e-05 0 0 1 1483.95 30
1883 4.8196e-05 4.21715e-05 9.03675e-05 0 0.000107437 0.000107437 1475.02 30
1905 4.59217e-05 2.9949e-05 7.58707e-05 0.000135769 0.00222321 0.00235898 1466.63 30
1927 4.56413e-05 2.57972e-05 7.14385e-05 0.000461374 0.00709722 0.00755859 1458.76 30
1949 4.53469e-05 3.54889e-05 8.08358e-05 0.00270011 0.00285686 0.00555697 1451.41 30
1972 3.91936e-05 3.52743e-05 7.44679e-05 6.46695e-05 0.000543812 0.000608481 1443.57 30
1995 4.67687e-05 3.41022e-05 8.08708e-05 0.00143716 0 0.00143716 1435.1 30
2018 4.35771e-05 2.90514e-05 7.26285e-05 0.000133637 0.00107781 0.00121144 1427.37 30
2041 4.1395e-05 3.2731e-05 7.4126e-05 0 0.00278887 0.00278887 1419.39 30
2065 4.30478e-05 3.15684e-05 7.46162e-05 0.000431435 0.000242981 0.000674416 1412.08 30
2089 5.42257e-05 2.85398e-05 8.27655e-05 0 0.00104836 0.00104836 1403.69 30
2113 3.88065e-05 3.50205e-05 7.3827e-05 0.00125222 0.00011642 0.00136864 1394.76 30
2137 4.32951e-05 2.82359e-05 7.1531e-05 0.000279535 0 0.000279535 1386.5 30
2162 3.4597e-05 1.7766e-05 5.23631e-05 0.000414229 0 0.000414229 1379.69 30
2187 5.3904e-05 3.06695e-05 8.45736e-05 0 0.000381975 0.000381975 1372.27 30
2213 3.23448e-05 3.04965e-05 6.28414e-05 0.000200538 0 0.000200538 1364.16 30
2238 4.59187e-05 2.29593e-05 6.8878e-05 0 3.67349e-05 3.67349e-05 1357.05 30
2264 4.38469e-05 2.2837e-05 6.66839e-05 0 0.000631213 0.000631213 1348.65 30
2290 3.63141e-05 2.72355e-05 6.35496e-05 0 0 1 1341.46 30
2317 3.97275e-05 2.88927e-05 6.86202e-05 0.000593204 0.000329558 0.000922762 1333.43 30
2344 4.93837e-05 1.88556e-05 6.82393e-05 0.00489887 0 0.00489887 1325.44 30
2371 4.55602e-05 2.41201e-05 6.96804e-05 0.0016232 0.000137574 0.00176077 1316.89 30
2398 4.88931e-05 2.31131e-05 7.20062e-05 0.000703172 0 0.000703172 1308.33 30
2426 3.88895e-05 2.65156e-05 6.54051e-05 0.000817564 0 0.000817564 1300.89 30
2454 3.51545e-05 2.98813e-05 6.50357e-05 0 0.00334934 0.00334934 1293.35 30
2483 3.75866e-05 3.49643e-05 7.25509e-05 6.55581e-05 0.00115207 0.00121763 1285.43 30
2511 3.56511e-05 2.43471e-05 5.99982e-05 0.00182169 0.00202864 0.00385032 1277.3 30
2540 3.19915e-05 3.89085e-05 7.09e-05 0 9.42451e-05 9.42451e-05 1269.81 30
2570 2.83504e-05 2.66322e-05 5.49825e-05 0 0 1 1263.34 30
2600 2.81671e-05 1.96316e-05 4.77987e-05 0 0 1 1257.1 30
2630 3.98682e-05 2.20547e-05 6.19229e-05 0.000456363 0 0.000456363 1250.46 30
2660 3.88201e-05 1.77222e-05 5.65423e-05 0 0.000165407 0.000165407 1242.51 30
2691 4.44826e-05 2.18216e-05 6.63042e-05 0.00360812 0.00227197 0.00588009 1234.98 30
2722 3.75791e-05 1.8372e-05 5.59512e-05 0 0.000967872 0.000967872 1226.98 30
2754 3.48628e-05 1.49412e-05 4.9804e-05 0 0 1 1220.21 30
2786 3.30317e-05 2.97285e-05 6.27602e-05 0 0.000685407 0.000685407 1212.4 30
2818 3.03715e-05 2.95506e-05 5.99221e-05 0.000417813 0 0.000417813 1205.72 30
2851 3.51096e-05 2.28621e-05 5.79717e-05 0 0 1 1198.31 30
2884 3.08598e-05 2.76114e-05 5.84713e-05 0.000929856 0.000428789 0.00135864 1191.01 30
2917 3.95727e-05 2.09977e-05 6.05704e-05 0.00129701 0.000139716 0.00143673 1183.98 30
2951 3.53597e-05 2.08944e-05 5.62541e-05 0.000439586 0 0.000439586 1176.18 30
2985 3.51829e-05 2.07899e-05 5.59729e-05 0.000590114 0 0.000590114 1168.48 30
3019 2.78455e-05 3.02322e-05 5.80777e-05 0.00133738 0 0.00133738 1161.07 30
3054 4.03834e-05 2.61304e-05 6.65138e-05 0.000230423 0 0.000230423 1153.26 30
3090 2.91467e-05 1.73305e-05 4.64772e-05 0.00033243 0 0.00033243 1145.98 30
3126 1.95647e-05 2.42602e-05 4.38249e-05 0 8.06065e-05 8.06065e-05 1140.37 30
3162 2.95416e-05 2.09901e-05 5.05317e-05 0 0 1 1134.9 30
3198 3.16944e-05 1.70068e-05 4.87011e-05 0 0 1 1128.26 30
3235 3.00038e-05 2.15412e-05 5.1545e-05 0 0 1 1120.71 30
3273 2.75216e-05 1.98767e-05 4.73984e-05 8.79163e-05 0.000288977 0.000376893 1114.87 30
3311 2.88841e-05 1.14016e-05 4.02857e-05 0 0 1 1108.47 30
3349 3.25197e-05 2.72258e-05 5.97455e-05 0 0.0011571 0.0011571 1101.29 30
3388 2.70827e-05 1.88074e-05 4.58901e-05 0.000544662 0.000539396 0.00108406 1094.37 30
3427 3.1431e-05 1.79606e-05 4.93916e-05 0 0 1 1087.59 30
3467 3.27599e-05 1.71245e-05 4.98844e-05 0 0.00140644 0.00140644 1080.72 30
3507 2.29432e-05 1.70224e-05 3.99656e-05 0.00223955 9.84337e-05 0.00233799 1074.69 30
3548 1.76428e-05 1.47024e-05 3.23452e-05 0.00158491 0.000523404 0.00210832 1069.5 30
3589 2.26351e-05 2.62859e-05 4.89211e-05 0.000737467 0.00258186 0.00331933 1064.41 30
3630 2.61513e-05 1.23492e-05 3.85006e-05 0 0 1 1057.63 30
3672 2.67095e-05 1.87689e-05 4.54784e-05 1.94907e-05 0 1.94907e-05 1052.04 30
3715 2.80176e-05 1.50864e-05 4.31039e-05 0.00087932 0 0.00087932 1044.96 30
3758 3.07338e-05 2.00127e-05 5.07464e-05 6.14675e-05 0.000320203 0.00038167 1038.32 30
3801 1.84749e-05 1.49221e-05 3.3397e-05 0.000500244 0 0.000500244 1032.41 30
3845 2.11767e-05 1.55296e-05 3.67062e-05 0 0 1 1027.36 30
3890 2.17371e-05 1.47251e-05 3.64623e-05 0.00220316 0 0.00220316 1022.41 30
3935 2.65165e-05 2.65165e-05 5.30329e-05 0 0 1 1015.64 30
3981 2.08233e-05 1.87409e-05 3.95642e-05 0 0 1 1009.4 30
4027 2.48448e-05 1.10421e-05 3.58869e-05 0 0 1 1003.67 30
4073 2.2638e-05 1.5092e-05 3.77299e-05 0 0 1 998.22 30
4120 2.45682e-05 1.3649e-05 3.82172e-05 0.000647645 0 0.000647645 991.93 30
4168 2.10304e-05 1.3568e-05 3.45984e-05 0 0 1 986.461 30
4216 2.29274e-05 1.34867e-05 3.64141e-05 0 0 1 981.046 30
4265 2.34467e-05 1.13884e-05 3.48351e-05 0 0 1 976.229 30
4315 1.33233e-05 1.59879e-05 2.93112e-05 0 0 1 970.412 30
4365 2.18437e-05 2.18437e-05 4.36874e-05 0 0 1 965.472 30
4415 2.04106e-05 1.31681e-05 3.35788e-05 0 0 1 959.549 30
4466 2.42355e-05 1.83404e-05 4.25758e-05 0.000350432 0 0.000350432 953.475 30
4518 1.95482e-05 1.10773e-05 3.06255e-05 0.00104192 0.000579929 0.00162185 947.406 30
4570 2.20108e-05 9.71064e-06 3.17214e-05 0.00282968 0 0.00282968 942.618 30
4623 2.18971e-05 1.54568e-05 3.73539e-05 0 0 1 936.629 30
4677 2.56336e-05 1.2176e-05 3.78096e-05 0 0 1 930.496 30
4731 1.40115e-05 1.21009e-05 2.61124e-05 0 0 1 925.554 30
4786 2.08964e-05 1.89967e-05 3.98931e-05 0 0.000127278 0.000127278 920.269 30
4841 2.015e-05 8.81564e-06 2.89657e-05 0 0 1 914.889 30
4897 1.81554e-05 1.06428e-05 2.87982e-05 4.44494e-05 0 4.44494e-05 909.639 30
4954 1.41024e-05 8.61814e-06 2.27206e-05 0.000695719 0 0.000695719 906.03 30
