1 0.22063 0.323314 0.543944 17022.3 25065.1 42087.4 87601 18
2 0.0673399 0.0991652 0.166505 2460.11 3612.15 6072.26 60422.5 18
3 0.0360847 0.0514553 0.0875401 817.679 1200.92 2018.6 47882.4 18
4 0.0235934 0.0341133 0.0577067 388.123 583.329 971.452 40663.9 18
5 0.0181502 0.0261051 0.0442554 232.408 342.628 575.036 36025.7 18
6 0.014756 0.0221687 0.0369246 151.828 222.259 374.087 32566.7 18
7 0.0109595 0.0168046 0.027764 107.653 153.439 261.092 29875.4 18
8 0.0102616 0.0156358 0.0258974 78.5241 121.509 200.033 27893.9 18
9 0.00896904 0.014193 0.023162 61.7053 95.8905 157.596 26251.6 18
10 0.00776539 0.011237 0.0190024 48.8073 73.3743 122.182 24877.9 18
11 0.00791125 0.0108149 0.0187262 39.0377 57.54 96.5777 23569.1 18
12 0.00598973 0.00923556 0.0152253 34.7257 46.6037 81.3293 22597.8 18
13 0.00559638 0.00865188 0.0142483 27.65 42.4316 70.0817 21689.7 18
14 0.00553486 0.0081013 0.0136362 24.1545 33.7744 57.9289 20813.9 18
15 0.0053995 0.00713452 0.012534 21.0347 30.6068 51.6416 20078.6 18
16 0.00458222 0.00738974 0.011972 18.5523 27.4682 46.0205 19490.1 18
17 0.00448475 0.00604527 0.01053 15.1429 23.9626 39.1056 18820.8 18
18 0.0045634 0.00627126 0.0108347 14.7357 21.6177 36.3533 18282.1 18
19 0.00387379 0.0056504 0.00952419 12.8577 17.265 30.1227 17857.3 18
20 0.00380826 0.00534196 0.00915022 12.0282 17.6134 29.6416 17325.9 18
21 0.00367334 0.00551636 0.0091897 11.3021 14.5877 25.8898 16919.9 18
22 0.00360575 0.00474965 0.0083554 8.56776 13.0957 21.6635 16519.1 18
23 0.00361367 0.0049764 0.00859006 8.56028 14.073 22.6333 16120.9 18
24 0.00317721 0.00447427 0.00765148 7.25082 12.3042 19.555 15741.6 18
25 0.00286714 0.0044704 0.00733754 7.70334 10.3287 18.032 15463.3 18
26 0.00271489 0.00418737 0.00690226 7.52687 8.85975 16.3866 15196.6 18
27 0.00263146 0.00428456 0.00691602 6.40722 9.32608 15.7333 14845.6 18
28 0.00236409 0.00353509 0.00589918 5.94074 8.53762 14.4784 14599.3 18
29 0.00274767 0.00385543 0.0066031 5.26569 7.50777 12.7735 14345.8 18
30 0.00261721 0.00362137 0.00623858 4.91846 7.08339 12.0018 14090.2 18
31 0.00265913 0.0031426 0.00580173 4.0725 7.33606 11.4086 13833.7 18
32 0.00229251 0.00376922 0.00606173 4.66902 6.00173 10.6708 13602.5 18
33 0.00243068 0.00338048 0.00581116 4.50073 6.40136 10.9021 13440.8 18
34 0.00207877 0.00304284 0.00512161 3.52368 5.82855 9.35223 13205 18
35 0.00194475 0.00283775 0.00478251 3.12717 4.8456 7.97277 13061 18
36 0.00193207 0.00342503 0.00535709 3.57109 5.16366 8.73475 12830.2 18
37 0.00208414 0.00303937 0.0051235 2.60537 4.36238 6.96775 12679.3 18
38 0.00188825 0.00282284 0.00471109 3.38681 4.32961 7.71643 12536.9 18
39 0.00209183 0.00248581 0.00457765 2.53048 4.23964 6.77012 12312.8 18
40 0.00190188 0.00278324 0.00468512 2.69317 4.36483 7.05799 12166.3 18
41 0.00162345 0.00251314 0.00413659 2.48068 4.178 6.65868 12025.7 18
42 0.00168677 0.00287476 0.00456153 2.88407 3.95209 6.83616 11886.1 18
43 0.00164024 0.00226765 0.0039079 2.14776 3.2716 5.41935 11752.5 18
44 0.00168334 0.00249843 0.00418177 2.02057 2.88433 4.9049 11619.4 18
45 0.00157642 0.00243469 0.0040111 1.80762 4.08519 5.8928 11486.7 18
46 0.00161081 0.00247683 0.00408764 2.08107 2.92208 5.00315 11351.7 18
47 0.00150768 0.00219298 0.00370066 1.82042 2.48147 4.30189 11214.7 18
48 0.00155819 0.00216791 0.0037261 2.07805 2.66511 4.74316 11086.4 18
49 0.00139862 0.0022445 0.00364312 1.74874 2.34293 4.09167 10954.7 18
50 0.00128212 0.00219791 0.00348003 1.82888 2.4033 4.23218 10894 18
51 0.00151521 0.0019846 0.00349981 1.38912 2.36835 3.75748 10762.6 18
52 0.00131892 0.00202723 0.00334614 1.72759 1.86398 3.59157 10638.6 18
53 0.00144061 0.00201523 0.00345584 1.77275 2.0409 3.81365 10579.3 18
54 0.00148118 0.00220176 0.00368295 1.34086 2.22013 3.56099 10450.6 18
55 0.00141734 0.00194785 0.00336519 1.42707 1.40722 2.83429 10326.7 18
56 0.00121258 0.00180312 0.0030157 1.55184 1.55714 3.10898 10266 18
57 0.00111338 0.00172067 0.00283405 1.73046 1.30266 3.03312 10145.5 18
58 0.00136281 0.00207519 0.003438 1.40177 1.6116 3.01336 10084.6 18
59 0.00152433 0.00182307 0.0033474 1.14179 1.94232 3.08411 9962.1 18
60 0.00124968 0.00176021 0.00300989 1.41881 1.94277 3.36158 9899.86 18
61 0.00107773 0.00148471 0.00256244 1.25678 1.42423 2.68101 9781.43 18
62 0.00111627 0.00189542 0.00301169 1.39186 1.10207 2.49392 9727.61 18
63 0.00106529 0.00163146 0.00269674 1.26872 1.41132 2.68004 9670.53 18
64 0.00125175 0.001561 0.00281275 1.0536 1.58276 2.63635 9561.38 18
65 0.00107663 0.00169185 0.00276848 1.56684 1.57532 3.14217 9502.51 18
66 0.00106309 0.00172569 0.00278878 1.22406 1.44179 2.66585 9448.56 18
67 0.00114473 0.00161991 0.00276464 0.806123 1.39204 2.19816 9338.37 18
68 0.00101648 0.00149608 0.00251256 0.926577 1.33235 2.25892 9284.93 18
69 0.00107463 0.00147317 0.00254781 1.1653 1.55796 2.72326 9232.02 18
70 0.00109793 0.00157651 0.00267444 1.17884 1.22981 2.40865 9122.97 18
71 0.00105685 0.00148379 0.00254065 1.018 1.65714 2.67514 9068.67 18
72 0.00107215 0.00155252 0.00262467 1.14218 1.76721 2.9094 9012.88 18
73 0.000969375 0.00168948 0.00265886 0.905008 1.53109 2.43609 8958.06 18
74 0.000860455 0.00139738 0.00225783 0.558208 1.30213 1.86034 8907.77 18
75 0.000973392 0.00141584 0.00238923 0.573552 1.26435 1.8379 8802.94 18
76 0.000981893 0.00161843 0.00260032 0.726661 1.58342 2.31008 8747.65 18
77 0.000908944 0.00141391 0.00232286 0.723822 1.35761 2.08143 8697.05 18
78 0.000970575 0.00134542 0.00231599 0.672521 1.14504 1.81756 8648.43 18
79 0.000958607 0.00129811 0.00225672 0.757685 0.851542 1.60923 8596.06 18
80 0.000919988 0.00132372 0.00224371 0.622832 0.966827 1.58966 8547.16 18
81 0.00100026 0.00117135 0.00217161 0.624443 0.934615 1.55906 8498.04 18
82 0.000922721 0.00116485 0.00208757 0.328547 1.01029 1.33884 8447.61 18
83 0.000858883 0.00120374 0.00206262 0.498081 0.84682 1.3449 8399.05 18
84 0.000892661 0.00110612 0.00199878 0.501902 0.985116 1.48702 8351.8 18
85 0.000823119 0.00133114 0.00215426 0.65128 0.628246 1.27953 8304.98 18
86 0.000908283 0.00127287 0.00218116 0.838185 0.728839 1.56702 8253.78 18
87 0.000782244 0.00133554 0.00211778 0.659762 0.82292 1.48268 8206.4 18
88 0.000790279 0.00113168 0.00192196 0.476772 0.618744 1.09552 8160.44 18
89 0.000697622 0.00123812 0.00193574 0.55816 0.878444 1.4366 8114.89 18
90 0.00071827 0.00115548 0.00187375 0.439319 1.0768 1.51612 8072.19 18
91 0.000776181 0.0011177 0.00189388 0.443553 0.688671 1.13222 8026.42 18
92 0.000790089 0.00110489 0.00189498 0.433265 0.721111 1.15438 7982.08 18
93 0.000761049 0.00120295 0.001964 0.350948 0.715055 1.066 7935.68 18
94 0.000756568 0.00104943 0.001806 0.36095 0.781492 1.14244 7891.44 18
95 0.000673205 0.00110988 0.00178308 0.415865 0.78056 1.19642 7847.82 18
96 0.00071746 0.00110332 0.00182078 0.515673 0.797489 1.31316 7804.26 18
97 0.000761382 0.00116306 0.00192444 0.476877 1.02302 1.4999 7758.59 18
98 0.000727065 0.000989285 0.00171635 0.273108 0.776922 1.05003 7715.63 18
100 0.000770425 0.00106082 0.00183124 0.435041 0.700986 1.13603 7669.86 18
101 0.000760335 0.000996098 0.00175643 0.567546 0.842339 1.40989 7623.69 18
102 0.000650302 0.000972523 0.00162283 0.405689 0.680327 1.08602 7582.01 18
103 0.000728196 0.00113599 0.00186418 0.376268 0.58025 0.956518 7537.81 18
104 0.000793899 0.00110103 0.00189493 0.566456 0.640607 1.20706 7490.85 18
105 0.000703369 0.00115306 0.00185643 0.360696 0.629325 0.99002 7443.24 18
107 0.000636234 0.000888435 0.00152467 0.261343 0.60205 0.863393 7400.95 18
108 0.000575423 0.000962837 0.00153826 0.29644 0.358899 0.655339 7360.7 18
109 0.000742033 0.000962944 0.00170498 0.379151 0.399293 0.778444 7318.67 18
110 0.000591566 0.00112116 0.00171272 0.567458 0.591566 1.15902 7273.96 18
112 0.000706009 0.000986171 0.00169218 0.428419 0.447755 0.876174 7230.21 18
113 0.000618429 0.000863572 0.001482 0.263562 0.363029 0.626591 7188.28 18
114 0.000659126 0.000963765 0.00162289 0.355541 0.520073 0.875613 7147.82 18
116 0.000534253 0.000930812 0.00146506 0.347738 0.504808 0.852546 7105.98 18
117 0.000613077 0.000793716 0.00140679 0.35559 0.567928 0.923519 7068.06 18
118 0.00056594 0.00103393 0.00159987 0.219003 0.592126 0.811128 7028.75 18
120 0.000513958 0.000941355 0.00145531 0.212465 0.534062 0.746527 6988.95 18
121 0.000537779 0.000908846 0.00144663 0.27552 0.437817 0.713337 6950.34 18
123 0.000566709 0.000967682 0.00153439 0.334203 0.364035 0.698238 6911.35 18
124 0.000563485 0.000855859 0.00141934 0.270398 0.562895 0.833293 6871.24 18
125 0.00062917 0.000904102 0.00153327 0.288879 0.370893 0.659772 6829.51 18
127 0.000531014 0.000762347 0.00129336 0.249519 0.23086 0.480379 6789.33 18
128 0.000485926 0.000862128 0.00134805 0.204533 0.341413 0.545946 6753.55 18
130 0.000550581 0.0007999 0.00135048 0.417273 0.391816 0.809089 6715.82 18
131 0.000500893 0.000784905 0.0012858 0.305602 0.417239 0.722841 6678.05 18
133 0.000544058 0.0007237 0.00126776 0.18131 0.353361 0.534671 6641.72 18
134 0.000500151 0.000872712 0.00137286 0.185704 0.464329 0.650032 6603.01 18
136 0.000563455 0.000934015 0.00149747 0.187194 0.413363 0.600556 6562.85 18
138 0.000621218 0.000762634 0.00138385 0.156527 0.305574 0.462101 6520.6 18
139 0.000497185 0.000763355 0.00126054 0.31521 0.445714 0.760924 6482.45 18
141 0.000534369 0.000794063 0.00132843 0.312311 0.344768 0.65708 6444.33 18
142 0.000496616 0.000744923 0.00124154 0.351202 0.202728 0.55393 6406.26 18
144 0.000444344 0.000750447 0.00119479 0.287263 0.186723 0.473986 6370.13 18
146 0.000510537 0.00079526 0.0013058 0.166764 0.31726 0.484024 6333.27 18
147 0.000551742 0.000800758 0.0013525 0.130245 0.17144 0.301685 6294.52 18
149 0.000344654 0.000684453 0.00102911 0.0672948 0.207651 0.274946 6258.79 18
151 0.000521115 0.00071412 0.00123524 0.28973 0.206931 0.496661 6224.62 18
153 0.000479916 0.000657484 0.0011374 0.131521 0.116859 0.24838 6186.63 18
154 0.000529681 0.000682382 0.00121206 0.192551 0.322437 0.514989 6150.9 18
156 0.000460372 0.000749885 0.00121026 0.0722974 0.223162 0.295459 6113.51 18
158 0.000429422 0.000618178 0.0010476 0.0936705 0.260159 0.353829 6078.4 18
160 0.00042204 0.000604924 0.00102696 0.058415 0.244933 0.303348 6046.72 18
162 0.000415046 0.000760141 0.00117519 0.121469 0.234846 0.356315 6010.78 18
164 0.000528757 0.000649351 0.00117811 0.265144 0.245928 0.511071 5974.19 18
165 0.000373521 0.000599479 0.000973 0.122833 0.185968 0.308801 5940.13 18
167 0.000352869 0.00067366 0.00102653 0.0627649 0.156234 0.218999 5908.71 18
169 0.000391791 0.000692467 0.00108426 0.108052 0.271429 0.379481 5875.82 18
171 0.0004758 0.0006344 0.0011102 0.131452 0.183609 0.315061 5839.66 18
173 0.000428022 0.000572198 0.00100022 0.24514 0.226496 0.471636 5805.89 18
175 0.000367254 0.00058671 0.000953963 0.114807 0.16032 0.275127 5773.69 18
177 0.000400636 0.000551987 0.000952623 0.117395 0.119741 0.237136 5742.71 18
179 0.000331858 0.000579646 0.000911504 0.108549 0.131894 0.240442 5711.05 18
181 0.000378162 0.00049249 0.000870651 0.112288 0.183026 0.295313 5681.14 18
184 0.000402267 0.000730201 0.00113247 0.101153 0.162437 0.26359 5647.82 18
186 0.000465553 0.000578679 0.00104423 0.17859 0.134053 0.312643 5610.9 18
188 0.000380738 0.000566781 0.000947519 0.110241 0.211275 0.321516 5577.94 18
190 0.000387288 0.0005379 0.000925189 0.0682789 0.165613 0.233892 5543.99 18
192 0.000406495 0.000551978 0.000958473 0.0684025 0.178182 0.246584 5511.76 18
194 0.00032758 0.000544549 0.000872129 0.0980103 0.220759 0.318769 5480.27 18
197 0.000410354 0.000600725 0.00101108 0.056117 0.102783 0.1589 5448.01 18
199 0.0003029 0.00059318 0.00089608 0.0534535 0.204218 0.257671 5415.74 18
201 0.000380616 0.00053119 0.000911806 0.176401 0.1542 0.330601 5384.92 18
204 0.000361879 0.0005241 0.000885979 0.0493153 0.0815018 0.130817 5352.77 18
206 0.000293572 0.00054993 0.000843502 0.0969034 0.064073 0.160976 5323.16 18
208 0.000365868 0.00046864 0.000834508 0.11071 0.083048 0.193758 5292.95 18
211 0.000314662 0.00045769 0.000772352 0.101137 0.127941 0.229078 5263.47 18
213 0.00034538 0.000520101 0.000865481 0.0740047 0.201466 0.275471 5232.97 18
216 0.000323241 0.000541429 0.000864671 0.0937764 0.209113 0.302889 5202.28 18
218 0.00027308 0.000485922 0.000759003 0.102156 0.102742 0.204899 5174.13 18
221 0.000295337 0.000427042 0.000722379 0.0634297 0.136534 0.199963 5146.85 18
223 0.000321306 0.000479976 0.000801282 0.0652371 0.173164 0.238401 5119.08 18
226 0.000331254 0.000445615 0.000776869 0.083543 0.0771624 0.160705 5090.29 18
229 0.000305912 0.000443181 0.000749093 0.126408 0.145803 0.272211 5059.72 18
231 0.000397883 0.000468097 0.00086598 0.0914155 0.094817 0.186232 5028.93 18
234 0.000287078 0.000442255 0.000729332 0.0797028 0.0997944 0.179497 4998.85 18
237 0.000258281 0.00038935 0.000647631 0.0561974 0.0924609 0.148658 4972.91 18
239 0.000391098 0.000460116 0.000851214 0.0767665 0.171838 0.248604 4942.52 18
242 0.000263113 0.000465214 0.000728327 0.0638296 0.0601384 0.123968 4912.97 18
245 0.000254012 0.000428408 0.00068242 0.0829406 0.0976733 0.180614 4884.89 18
248 0.000335423 0.00040703 0.000742452 0.0868066 0.0400886 0.126895 4857.69 18
251 0.000333652 0.000397383 0.000731035 0.1121 0.101603 0.213702 4827.6 18
254 0.000350691 0.000421576 0.000772267 0.0680117 0.139721 0.207732 4795.47 18
257 0.000259629 0.000485876 0.000745505 0.0667802 0.131509 0.198289 4768.37 18
260 0.000213823 0.000342855 0.000556678 0.0407075 0.110292 0.151 4742.48 18
263 0.000208742 0.000399172 0.000607914 0.0829509 0.0718657 0.154817 4719.56 18
266 0.000331361 0.000396905 0.000728266 0.111869 0.128838 0.240706 4692.22 18
269 0.000231761 0.000412825 0.000644587 0.0844155 0.158699 0.243114 4664.28 18
272 0.00028812 0.000457391 0.000745511 0.0514727 0.0481449 0.0996175 4636.18 18
275 0.000254327 0.0003797 0.000634027 0.0308667 0.0252357 0.0561024 4607.91 18
278 0.000220765 0.000373877 0.000594643 0.0282615 0.063114 0.0913755 4582.47 18
281 0.000283089 0.000343245 0.000626334 0.0379233 0.170182 0.208106 4558.37 18
285 0.000179413 0.000436219 0.000615631 0.0918452 0.0889288 0.180774 4532.68 18
288 0.000269257 0.0003322 0.000601457 0.0718217 0.0884842 0.160306 4507.75 18
291 0.00028518 0.000351258 0.000636438 0.0306151 0.0580932 0.0887083 4480.6 18
295 0.000235257 0.000432459 0.000667716 0.0744936 0.0709855 0.145479 4452.5 18
298 0.000230463 0.000357734 0.000588197 0.0638417 0.0713576 0.135199 4427.05 18
301 0.00025657 0.000342093 0.000598663 0.0183738 0.0847502 0.103124 4400.42 18
305 0.000217668 0.00035371 0.000571378 0.0246849 0.0563624 0.0810473 4375.51 18
309 0.0002096 0.000341446 0.000551046 0.0695941 0.0600099 0.129604 4351.53 18
312 0.000194854 0.000342674 0.000537528 0.00089028 0.0421422 0.0430325 4328.74 18
316 0.000217017 0.000267098 0.000484114 0.0763031 0.023114 0.0994171 4306.02 18
319 0.00022566 0.000374994 0.000600654 0.119265 0.036172 0.155437 4282.57 18
323 0.000227677 0.00030027 0.000527947 0.0753215 0.0178677 0.0931892 4257.78 18
327 0.000196803 0.000278804 0.000475606 0.0406135 0.0898535 0.130467 4234.32 18
331 0.000221659 0.000286852 0.000508511 0.0268435 0.0436439 0.0704875 4212.04 18
334 0.000220395 0.000298181 0.000518576 0.0119888 0.0507589 0.0627477 4187.72 18
338 0.000206171 0.000238385 0.000444556 0.0150537 0.0254041 0.0404578 4165.09 18
342 0.000214513 0.000268942 0.000483455 0.0193606 0.0175805 0.0369411 4142.79 18
346 0.000200545 0.000324692 0.000525237 0.0384664 0.0460808 0.0845472 4119.15 18
350 0.000208867 0.000300642 0.00050951 0.0068768 0.0166113 0.0234881 4096 18
354 0.000185584 0.00025793 0.000443513 0.0216409 0.093251 0.114892 4073.72 18
358 0.000196998 0.000256409 0.000453407 0.0134709 0.0831861 0.096657 4050.92 18
363 0.000236311 0.000273623 0.000509934 0.0124747 0.02559 0.0380647 4027.29 18
367 0.000197859 0.000262781 0.00046064 0.0625079 0.0463732 0.108881 4004.12 18
371 0.000193669 0.000335077 0.000528746 0.032149 0.0613929 0.0935419 3980.58 18
375 0.000192587 0.000262896 0.000455483 0.0558869 0.0716209 0.127508 3957.12 18
380 0.000191537 0.000325309 0.000516846 0.06266 0.0710907 0.133751 3933.3 18
384 0.000157219 0.000308392 0.000465611 0.00158731 0.0782499 0.0798372 3909.9 18
389 0.000186285 0.000240367 0.000426652 0.0182289 0.0317074 0.0499363 3889.21 18
393 0.000176209 0.000232954 0.000409163 0.0259565 0.0909656 0.116922 3867.87 18
398 0.000219808 0.000297038 0.000516847 0.0133103 0.0658474 0.0791577 3844.54 18
402 0.000174408 0.000313343 0.000487752 0.0190607 0.0204944 0.0395552 3819.04 18
407 0.000161654 0.000252769 0.000414423 0.0416451 0.0312581 0.0729032 3796.99 18
412 0.000157705 0.000257 0.000414705 0.0475129 0.0411259 0.0886388 3777.57 18
416 0.000185806 0.000223547 0.000409353 0.0242476 0.0276705 0.0519182 3756.48 18
421 0.000173191 0.00023958 0.000412771 0.00854696 0.0367742 0.0453211 3734.94 18
426 0.000149225 0.00028697 0.000436195 0.00559592 0.0332886 0.0388845 3713.84 18
431 0.000219836 0.000239821 0.000459657 0.0220921 0.0432363 0.0653284 3690.27 18
436 0.000161876 0.000221514 0.00038339 0.0435218 0.00815342 0.0516753 3667.38 18
441 0.00016655 0.000211717 0.000378267 0.0143544 0.0192465 0.0336008 3647.37 18
446 0.000159987 0.000232963 0.000392949 0.0396935 0.0299708 0.0696643 3626.37 18
451 0.000187005 0.000198169 0.000385174 0 0.00980797 0.00980797 3604.95 18
457 0.000147014 0.000196943 0.000343956 0.0204765 0.0148428 0.0353193 3585.9 18
462 0.000126835 0.000270214 0.000397049 0.010213 0.0537946 0.0640075 3566.15 18
467 0.000128743 0.000199963 0.000328706 0.0234888 0.0299862 0.053475 3548.63 18
473 0.000146998 0.000190553 0.000337552 0.00694976 0.0617175 0.0686673 3530.01 18
478 0.000137998 0.000202938 0.000340936 0.00641013 0.0170143 0.0234245 3510.69 18
484 0.000139844 0.000204388 0.000344232 0.0248493 0.00570135 0.0305506 3491.89 18
489 0.000133642 0.000211155 0.000344797 0.0153822 0.00420973 0.019592 3473.16 18
495 0.000132823 0.000244394 0.000377216 0.0231696 0.00961636 0.0327859 3454.62 18
501 0.00013209 0.000174358 0.000306448 0.0206799 0.0362586 0.0569385 3434.04 18
506 0.000178527 0.000191654 0.000370181 0.0270022 0.0644272 0.0914294 3415.94 18
512 0.000117535 0.00022201 0.000339544 0.0124874 0.0399618 0.0524492 3394.31 18
518 0.000114143 0.000186779 0.000300921 0.00529206 0.0173471 0.0226391 3378.24 18
524 0.000149635 0.000188333 0.000337968 0.00231934 0 0.00231934 3358 18
530 0.000135932 0.000184662 0.000320594 0.0251808 0.0316721 0.0568529 3339.16 18
537 0.000132505 0.000150342 0.000282847 0 0.00887529 0.00887529 3322.4 18
543 0.000106357 0.000187391 0.000293748 0.00216006 0.0333151 0.0354752 3304.92 18
549 0.000120738 0.000178592 0.00029933 0.0143452 0.0194867 0.0338319 3289.05 18
555 9.25009e-05 0.000185002 0.000277503 0.0327253 0.0107576 0.0434829 3271.32 18
562 0.000121729 0.00019874 0.000320469 0.0243209 0.0194219 0.0437428 3254.38 18
568 0.000116086 0.000187714 0.0003038 0.0231036 0.00964749 0.0327511 3235.85 18
575 0.000115415 0.000193995 0.00030941 0.00326599 0.0227834 0.0260494 3217.41 18
582 0.000131809 0.000148896 0.000280705 0.0375193 0.0259469 0.0634661 3199.83 18
588 0.00014568 0.000186955 0.000332635 0.00409359 0.00594372 0.0100373 3180.07 18
595 9.65675e-05 0.000200378 0.000296945 0.030385 0.0126479 0.0430329 3161.57 18
602 8.63664e-05 0.000175132 0.000261498 0.0124631 0.00092364 0.0133868 3145.07 18
609 0.000133531 0.000174067 0.000307598 0.00887503 0.0327723 0.0416473 3128.15 18
616 9.71794e-05 0.000151695 0.000248874 0.0145082 0.0287272 0.0432354 3110.91 18
623 0.000105995 0.000183724 0.000289719 0.0345402 0.0148299 0.04937 3094.61 18
630 9.13062e-05 0.000161542 0.000252848 0.010547 0.000161542 0.0107086 3077.79 18
638 9.07591e-05 0.000200135 0.000290895 0.0310512 0.00405856 0.0351098 3060.96 18
645 9.94636e-05 0.000164231 0.000263694 0.00775816 0.00166312 0.00942128 3044.23 18
653 0.000103475 0.000170159 0.000273634 0.0118375 0.0177218 0.0295593 3027.37 18
660 0.0001075 0.000194415 0.000301914 0.00776515 0.024311 0.0320761 3008.61 18
668 9.32424e-05 0.000170565 0.000263808 0.000632229 0.0101088 0.0107411 2991.21 18
676 0.000108491 0.000137875 0.000246366 0.0163754 0.0243044 0.0406798 2975.16 18
683 0.000112368 0.000164057 0.000276425 0.00837141 0.0127043 0.0210757 2957.91 18
691 8.49356e-05 0.000172106 0.000257042 0.00147073 0.00820522 0.00967595 2940.01 18
699 0.000135556 0.00012 0.000255556 0.0135089 0 0.0135089 2923.28 18
707 0.000108332 0.000150338 0.00025867 0.00546966 0.0051513 0.010621 2904.74 18
716 7.9124e-05 0.00016704 0.000246164 0.00980918 0.00121983 0.011029 2888.52 18
724 0.000111448 0.000159523 0.000270971 0.015358 0.0185156 0.0338736 2871.9 18
732 0.000110893 0.000160903 0.000271796 0.012246 0.00219176 0.0144378 2853.18 18
741 9.29448e-05 0.000144821 0.000237766 0.00763012 0.0103298 0.01796 2837.27 18
749 7.30609e-05 0.000113889 0.00018695 0.0019662 0.00501757 0.00698377 2821.27 18
758 7.47234e-05 0.000175066 0.00024979 0 0.00205169 0.00205169 2807.16 18
767 8.70154e-05 0.000135829 0.000222844 0.0116495 0.00487498 0.0165244 2791.53 18
776 0.000109817 0.000149942 0.000259759 0.00443491 0.00376545 0.00820036 2773.25 18
785 8.39616e-05 0.000125942 0.000209904 0.00602425 0.000770348 0.0067946 2758.28 18
794 0.000100188 0.000133584 0.000233771 0 0.00603422 0.00603422 2742.21 18
803 8.30165e-05 0.000132826 0.000215843 0.00267521 0.00107299 0.00374819 2726.26 18
812 8.25495e-05 0.000140334 0.000222884 0 0.00119697 0.00119697 2710.36 18
822 6.35715e-05 0.000127143 0.000190714 0 0.00626487 0.00626487 2696.46 18
831 0.000103991 0.000144772 0.000248763 0 0.00257123 0.00257123 2680.7 18
841 6.89215e-05 0.000111491 0.000180412 0.00371365 0.0086983 0.0124119 2665.62 18
851 7.45024e-05 0.000110747 0.000185249 0.0155146 0.0222964 0.037811 2652.81 18
860 5.40283e-05 0.00015208 0.000206108 0.0192981 0.00559493 0.024893 2638.91 18
870 9.15345e-05 0.000123373 0.000214907 0.00747996 0.00317983 0.0106598 2623.34 18
881 0.000104907 9.89689e-05 0.000203876 0.00463966 0.00928131 0.013921 2607.08 18
891 9.25253e-05 0.000116149 0.000208674 0 0.0166585 0.0166585 2591.35 18
901 0.000103859 0.000123455 0.000227313 0.00701144 0.00380946 0.0108209 2573.53 18
912 9.3572e-05 9.16226e-05 0.000185195 0.00929677 0.012063 0.0213598 2557.34 18
922 7.1714e-05 0.000114355 0.000186069 0.0210103 0.00618291 0.0271932 2542.61 18
933 9.44334e-05 0.000127196 0.000221629 0.0109524 0.000620563 0.0115729 2527.84 18
944 7.47823e-05 9.39572e-05 0.000168739 0.00368351 0.029888 0.0335715 2511.49 18
954 9.33814e-05 9.90986e-05 0.00019248 0 0.0110038 0.0110038 2498.08 18
966 7.96086e-05 9.09813e-05 0.00017059 0 0.0247867 0.0247867 2482.91 18
977 6.21564e-05 0.000109245 0.000171401 0.00513826 0.0154581 0.0205964 2470.03 18
988 7.6777e-05 0.000102994 0.000179771 0.00313662 0.00522458 0.0083612 2455.98 18
1000 5.95831e-05 0.000107994 0.000167577 0.00189921 0.00718535 0.00908456 2441.75 18
1011 6.28927e-05 8.694e-05 0.000149833 0.00805767 0 0.00805767 2429.64 18
1023 5.14451e-05 9.0029e-05 0.000141474 0 0 1 2418.13 18
1035 6.57288e-05 0.000102245 0.000167974 0.00512685 0 0.00512685 2405.5 18
1047 5.98987e-05 0.000103461 0.00016336 0.000286788 0.00124154 0.00152832 2391.97 18
1059 5.04705e-05 7.93109e-05 0.000129781 0.00376727 0.00761384 0.0113811 2381.1 18
1071 6.08776e-05 8.23638e-05 0.000143241 0.0108774 0.00661775 0.0174951 2369.73 18
1083 6.58549e-05 7.47542e-05 0.000140609 0.00938344 0 0.00938344 2356.63 18
1096 6.72096e-05 0.000100814 0.000168024 0.00659362 0.00116909 0.00776271 2344.41 18
1109 6.85888e-05 7.91409e-05 0.00014773 0 0.000404498 0.000404498 2330.79 18
1122 6.8198e-05 9.61767e-05 0.000164375 0.00466719 0.00223829 0.00690549 2317.32 18
1135 6.6087e-05 9.3913e-05 0.00016 0.0181148 0.0148504 0.0329652 2303.39 18
1148 7.09032e-05 9.16554e-05 0.000162559 0.00479548 0 0.00479548 2289.88 18
1161 6.01846e-05 8.08193e-05 0.000141004 0 0.00755403 0.00755403 2276.48 18
1174 6.15746e-05 0.000111176 0.000172751 0.000894542 0.00913014 0.0100247 2262.47 18
1188 6.29495e-05 0.000103782 0.000166731 0 0.0068666 0.0068666 2248.47 18
1202 4.90293e-05 8.28426e-05 0.000131872 0.00292823 0.00189355 0.00482178 2236.7 18
1216 4.53717e-05 8.40216e-05 0.000129393 0 0.00709815 0.00709815 2224.62 18
1230 5.17547e-05 8.84839e-05 0.000140239 0.00222045 0.0155732 0.0177936 2213.57 18
1244 4.8129e-05 8.13215e-05 0.00012945 0 0.00911132 0.00911132 2201.21 18
1258 6.10144e-05 7.09087e-05 0.000131923 0 0.00354378 0.00354378 2189.95 18
1273 4.26177e-05 8.68746e-05 0.000129492 0.000699914 0.0133525 0.0140524 2177.99 18
1288 6.84208e-05 6.67918e-05 0.000135213 0.000894358 0.00999596 0.0108903 2166.39 18
1303 8.11188e-05 7.94964e-05 0.000160615 0.0058584 0 0.0058584 2150.46 18
1318 3.87078e-05 8.54797e-05 0.000124188 0 0 1 2138.45 18
1333 4.48891e-05 8.97783e-05 0.000134667 0 0.000811211 0.000811211 2126.71 18
1348 3.98151e-05 6.52967e-05 0.000105112 0.00113553 0.00327439 0.00440992 2116.37 18
1364 5.22126e-05 8.06922e-05 0.000132905 0.00324668 0.00588737 0.00913405 2105.92 18
1380 6.76597e-05 7.23802e-05 0.00014004 0.000865415 0.00873125 0.00959667 2093.31 18
1396 3.44193e-05 6.88386e-05 0.000103258 0 0 1 2081.18 18
1412 4.19689e-05 8.54923e-05 0.000127461 0 0.00323627 0.00323627 2070.73 18
1428 3.7081e-05 8.03421e-05 0.000117423 0.00731886 0.000293558 0.00761242 2059.39 18
1445 4.76023e-05 7.06357e-05 0.000118238 0.00928091 0.00046681 0.00974772 2048.4 18
1462 5.34248e-05 5.64776e-05 0.000109902 0.00592557 0 0.00592557 2037.11 18
1479 3.94269e-05 6.82388e-05 0.000107666 0.000736979 0.000721815 0.00145879 2027.11 18
1496 4.36956e-05 6.32833e-05 0.000106979 0.00376686 0.00455941 0.00832628 2016.71 18
1513 4.94366e-05 6.74136e-05 0.00011685 0.000552792 0.00081945 0.00137224 2005.2 18
1531 4.31952e-05 7.14955e-05 0.000114691 0 0.00527875 0.00527875 1993.67 18
1548 3.69852e-05 5.62175e-05 9.32027e-05 0.000551819 0.0053954 0.00594722 1984.23 18
1566 5.73857e-05 8.68142e-05 0.0001442 0.00327098 0.000406114 0.0036771 1972.13 18
1584 4.10001e-05 7.76074e-05 0.000118607 0.000374858 0.00312626 0.00350112 1959.01 18
1603 4.51453e-05 6.55336e-05 0.000110679 0.00356648 0 0.00356648 1947.15 18
1621 4.05368e-05 5.79097e-05 9.84466e-05 0 0 1 1936.24 18
1640 5.18165e-05 7.0528e-05 0.000122344 0 0 1 1925.23 18
1659 6.01624e-05 4.87029e-05 0.000108865 0 0.00712782 0.00712782 1912.35 18
1678 4.41566e-05 5.55518e-05 9.97084e-05 0.00150417 0.00294282 0.004447 1901.13 18
1698 3.96421e-05 5.09684e-05 9.06105e-05 0.00275229 0.000664005 0.0034163 1890.85 18
1717 4.50344e-05 5.6293e-05 0.000101327 0.0041502 0.00653843 0.0106886 1880.46 18
1737 5.04032e-05 6.58041e-05 0.000116207 0 0.000992662 0.000992662 1868.5 18
1757 3.47894e-05 5.98378e-05 9.46273e-05 0 0 1 1858.39 18
1778 5.1225e-05 6.09162e-05 0.000112141 0.00313026 0 0.00313026 1846.67 18
1798 4.40783e-05 4.95881e-05 9.36665e-05 0 0 1 1834.86 18
1819 3.83513e-05 6.02664e-05 9.86177e-05 0 0 1 1824.19 18
1840 4.49433e-05 5.44768e-05 9.94201e-05 0 0.000427643 0.000427643 1813.63 18
1862 4.60604e-05 6.90906e-05 0.000115151 0.00150916 0.00486344 0.00637259 1802.37 18
1883 2.96432e-05 6.33286e-05 9.29717e-05 0 0.000459469 0.000459469 1791.33 18
1905 3.08039e-05 5.3572e-05 8.43759e-05 0 0.00567863 0.00567863 1781.56 18
1927 4.92749e-05 4.66114e-05 9.58863e-05 0 0 1 1771.17 18
1949 4.10785e-05 5.16794e-05 9.27579e-05 0 0 1 1759.63 18
1972 3.16009e-05 4.87181e-05 8.0319e-05 0 0 1 1750.6 18
1995 2.74694e-05 6.27872e-05 9.02566e-05 0 0.00320084 0.00320084 1742.02 18
2018 2.86135e-05 5.72269e-05 8.58404e-05 0 0 1 1732 18
2041 4.01097e-05 5.43422e-05 9.44519e-05 0 0 1 1721.13 18
2065 3.21471e-05 5.01495e-05 8.22967e-05 0 0.00102099 0.00102099 1711.94 18
2089 3.58073e-05 6.39416e-05 9.9749e-05 0 0.0015589 0.0015589 1701.7 18
2113 3.69056e-05 4.70864e-05 8.3992e-05 0 0.00418051 0.00418051 1690.43 18
2137 2.65533e-05 4.17267e-05 6.828e-05 0 0 1 1681.84 18
2162 3.5206e-05 6.41251e-05 9.93311e-05 0 0 1 1671.95 18
2187 3.00088e-05 5.00146e-05 8.00234e-05 0 0.00406744 0.00406744 1662.05 18
2213 3.35681e-05 4.97305e-05 8.32986e-05 0 0.00386655 0.00386655 1652.39 18
2238 3.46281e-05 4.08117e-05 7.54399e-05 0 0 1 1642.13 18
2264 3.93498e-05 4.91872e-05 8.8537e-05 0.00390916 0 0.00390916 1632.61 18
2290 1.71008e-05 2.19867e-05 3.90875e-05 0 0.00727882 0.00727882 1624.78 18
2317 3.27638e-05 5.70334e-05 8.97972e-05 0.00106058 0 0.00106058 1616.77 18
2344 3.13704e-05 4.22294e-05 7.35998e-05 0.000656365 0.00224178 0.00289814 1607.44 18
2371 2.76062e-05 5.64126e-05 8.40188e-05 0.000379285 0 0.000379285 1597.29 18
2398 4.53977e-05 4.30084e-05 8.84061e-05 0 0.000798045 0.000798045 1586.35 18
2426 1.78112e-05 4.03721e-05 5.81834e-05 0 0 1 1577.73 18
2454 3.54087e-05 4.72116e-05 8.26203e-05 0.00160401 0.000803778 0.00240779 1569.08 18
2483 2.69998e-05 3.05215e-05 5.75213e-05 0 0 1 1559.55 18
2511 2.68441e-05 5.60225e-05 8.28666e-05 0.00170869 0.00134454 0.00305322 1550.65 18
2540 3.01804e-05 4.2949e-05 7.31294e-05 0.00128731 0 0.00128731 1541.28 18
2570 3.5807e-05 4.15823e-05 7.73893e-05 0 0 1 1531.18 18
2600 3.56262e-05 3.56262e-05 7.12523e-05 0 0.00324543 0.00324543 1521.33 18
2630 3.31665e-05 4.11722e-05 7.43386e-05 0 0.00180243 0.00180243 1511.23 18
2660 2.04666e-05 4.20702e-05 6.25367e-05 0 0.00243211 0.00243211 1502.65 18
2691 2.82565e-05 4.29499e-05 7.12065e-05 0 0.00105679 0.00105679 1494.37 18
2722 3.14702e-05 2.80984e-05 5.95686e-05 0 0 1 1485.63 18
2754 2.45827e-05 2.79349e-05 5.25177e-05 0 0 1 1477.2 18
2786 3.44314e-05 3.66528e-05 7.10842e-05 0 0.00237243 0.00237243 1469.1 18
2818 2.65297e-05 4.20054e-05 6.85351e-05 0 0 1 1459.24 18
2851 2.96888e-05 3.51868e-05 6.48756e-05 0 0 1 1450.15 18
2884 1.96814e-05 3.60826e-05 5.57641e-05 0 0.00169588 0.00169588 1441.64 18
2917 2.82461e-05 3.25916e-05 6.08377e-05 0 0 1 1434.37 18
2951 3.24284e-05 2.81046e-05 6.0533e-05 0.00154251 0.000834491 0.002377 1425.14 18
2985 2.68735e-05 3.11732e-05 5.80467e-05 0 0.000651413 0.000651413 1416.72 18
3019 1.60216e-05 4.37924e-05 5.9814e-05 0 0 1 1409.48 18
3054 2.44349e-05 4.35579e-05 6.79929e-05 0 0 1 1400.88 18
3090 2.64236e-05 2.43097e-05 5.07334e-05 0 0 1 1392.01 18
3126 2.41509e-05 3.04511e-05 5.46021e-05 0.00163911 0 0.00163911 1385.13 18
3162 2.40228e-05 3.44676e-05 5.84904e-05 0.0008502 0 0.0008502 1376.58 18
3198 3.01537e-05 3.3273e-05 6.34267e-05 0.00267016 0 0.00267016 1366.96 18
3235 2.06741e-05 3.41122e-05 5.47863e-05 0 0 1 1359.28 18
3273 1.6441e-05 3.80198e-05 5.44607e-05 0 0 1 1351.81 18
3311 1.83849e-05 2.75774e-05 4.59623e-05 0 0 1 1344.37 18
3349 1.7246e-05 3.04341e-05 4.76802e-05 0 0 1 1338.03 18
3388 1.51257e-05 3.12597e-05 4.63854e-05 0 0 1 1330.72 18
3427 3.40944e-05 3.20889e-05 6.61833e-05 0 0 1 1322.86 18
3467 2.69435e-05 2.79414e-05 5.4885e-05 0 0 1 1314.02 18
3507 2.18629e-05 3.18005e-05 5.36634e-05 0 0 1 1304.33 18
3548 1.57966e-05 2.3695e-05 3.94916e-05 0.000525239 0 0.000525239 1297.88 18
3589 2.45282e-05 3.63017e-05 6.08299e-05 0.000189358 0 0.000189358 1291.11 18
3630 2.73745e-05 2.83522e-05 5.57267e-05 0 0 1 1280.85 18
3672 1.84713e-05 2.72209e-05 4.56923e-05 0 0 1 1273.34 18
3715 1.44984e-05 2.70636e-05 4.1562e-05 0 0 1 1266.05 18
3758 1.72851e-05 3.16894e-05 4.89745e-05 0 0 1 1259.76 18
3801 2.00458e-05 3.15006e-05 5.15464e-05 0 0 1 1252.86 18
3845 2.75542e-05 2.85043e-05 5.60585e-05 0.00179007 0 0.00179007 1244.31 18
3890 2.08054e-05 2.45881e-05 4.53935e-05 0 0 1 1235.86 18
3935 1.31613e-05 2.9143e-05 4.23043e-05 0 0 1 1229.03 18
3981 1.96285e-05 3.08448e-05 5.04732e-05 0 0.0026162 0.0026162 1222.04 18
4027 1.4876e-05 2.78926e-05 4.27686e-05 0 0 1 1214.46 18
4073 1.75511e-05 2.40173e-05 4.15684e-05 0.00100319 0 0.00100319 1208.38 18
4120 1.83701e-05 3.12292e-05 4.95993e-05 0 0 1 1201.38 18
4168 1.64543e-05 3.01662e-05 4.66204e-05 0 0 1 1193.36 18
4216 1.08943e-05 1.9065e-05 2.99593e-05 0 0.00031775 0.00031775 1187.93 18
4265 1.89558e-05 2.70797e-05 4.60354e-05 0.00298418 0.000857523 0.0038417 1181.08 18
4315 2.15532e-05 2.33493e-05 4.49025e-05 0.000351138 0 0.000351138 1173.58 18
4365 1.25086e-05 3.21651e-05 4.46737e-05 0 0 1 1166.15 18
4415 1.42086e-05 2.3089e-05 3.72977e-05 0 0.000576338 0.000576338 1159.94 18
4466 1.23485e-05 2.38149e-05 3.61633e-05 0 0 1 1154.47 18
4518 1.84346e-05 2.63351e-05 4.47696e-05 0 0.000314265 0.000314265 1146.7 18
4570 1.65867e-05 2.70625e-05 4.36491e-05 0 0.000870364 0.000870364 1139.92 18
4623 1.99792e-05 1.91105e-05 3.90897e-05 0 0 1 1132.56 18
4677 1.728e-05 2.2464e-05 3.9744e-05 0 0 1 1125.64 18
4731 1.97715e-05 2.40696e-05 4.38411e-05 0.00122927 0 0.00122927 1118.42 18
4786 1.62472e-05 2.30881e-05 3.93353e-05 0 0 1 1111.54 18
4841 1.19116e-05 2.97789e-05 4.16905e-05 0 0 1 1104.32 18
4897 1.52258e-05 2.36845e-05 3.89103e-05 0 0 1 1098.07 18
4954 1.80273e-05 2.01481e-05 3.81754e-05 0 0 1 1091.75 18
